0.000000	0.005439	27.071321	26.332350
1.000000E-5	0.005439	27.191047	26.305684
0.000000	0.003045	27.084618	26.265695
1.000000E-5	-0.004136	27.324215	26.312350
0.000000	0.036555	26.719470	26.492461
1.000000E-5	0.036555	26.765884	26.479111
0.000000	0.050916	26.692955	26.632722
1.000000E-5	0.055703	26.620068	26.572592
0.000000	0.034161	26.726099	26.659456
1.000000E-5	0.050916	26.639942	26.632722
0.000000	0.070064	26.686327	26.612676
1.000000E-5	0.074851	26.593574	26.532520
0.000000	0.101180	26.759252	26.639405
1.000000E-5	0.096393	26.785781	26.706254
0.000000	0.031768	26.726099	26.692882
1.000000E-5	0.031768	26.759252	26.686196
0.000000	0.022193	26.692955	26.639405
1.000000E-5	0.019800	26.759252	26.672825
0.000000	-0.004136	26.706212	26.679511
1.000000E-5	-0.001742	26.712840	26.646089
0.000000	-0.044826	26.726099	26.659456
1.000000E-5	-0.032858	26.686327	26.605994
0.000000	0.029374	26.653193	26.612676
1.000000E-5	0.034161	26.712840	26.619358
0.000000	0.060490	26.639942	26.592632
1.000000E-5	0.050916	26.852127	26.739692
0.000000	-0.047219	26.659819	26.599313
1.000000E-5	-0.035252	26.507507	26.532520
0.000000	0.058097	26.626693	26.585952
1.000000E-5	0.062884	26.706212	26.626040
0.000000	0.062884	26.639942	26.585952
1.000000E-5	0.070064	26.639942	26.572592
0.000000	-0.071155	26.679700	26.592632
1.000000E-5	-0.075942	26.692955	26.612676
0.000000	-0.011316	26.666446	26.612676
1.000000E-5	-0.016103	26.692955	26.599313
0.000000	0.082032	26.772516	26.679511
1.000000E-5	0.079638	26.739359	26.652772
0.000000	0.060490	26.785781	26.706254
1.000000E-5	0.053309	26.792414	26.733004
0.000000	-0.006529	26.931789	26.746381
1.000000E-5	0.005439	26.679700	26.605994
0.000000	0.007832	26.666446	26.539198
1.000000E-5	0.007832	26.593574	26.539198
0.000000	0.053309	26.779148	26.626040
1.000000E-5	0.060490	26.606821	26.532520
0.000000	0.079638	26.931789	26.746381
1.000000E-5	0.086819	26.726099	26.679511
0.000000	0.007832	26.692955	26.632722
1.000000E-5	0.003045	26.666446	26.619358
0.000000	-0.011316	26.812315	26.672825
1.000000E-5	-0.020890	26.686327	26.525843
0.000000	0.003045	26.686327	26.605994
1.000000E-5	0.005439	26.679700	26.659456
0.000000	0.101180	26.686327	26.592632
1.000000E-5	0.110754	26.653193	26.592632
0.000000	0.067671	26.692955	26.646089
1.000000E-5	0.062884	26.639942	26.599313
0.000000	0.036555	26.765884	26.706254
1.000000E-5	0.046129	26.739359	26.679511
0.000000	0.024587	26.679700	26.626040
1.000000E-5	0.024587	26.699583	26.659456
0.000000	-0.030465	26.527364	26.525843
1.000000E-5	-0.032858	26.699583	26.605994
0.000000	0.108361	26.726099	26.686196
1.000000E-5	0.113148	26.779148	26.712941
0.000000	0.149051	26.414884	26.439069
1.000000E-5	0.153838	26.679700	26.639405
0.000000	-0.020890	26.812315	26.726316
1.000000E-5	-0.006529	26.679700	26.666141
0.000000	0.086819	26.639942	26.592632
1.000000E-5	0.086819	26.673073	26.592632
0.000000	0.072458	26.699583	26.666141
1.000000E-5	0.060490	26.719470	26.672825
0.000000	-0.001742	26.613444	26.565912
1.000000E-5	-0.001742	26.745990	26.666141
0.000000	0.024587	26.911869	26.759759
1.000000E-5	0.038948	26.799047	26.733004
0.000000	0.098787	26.520744	26.485786
1.000000E-5	0.096393	26.673073	26.632722
0.000000	0.007832	26.553844	26.512489
1.000000E-5	0.005439	26.646568	26.585952
0.000000	0.096393	26.852127	26.686196
1.000000E-5	0.098787	26.832219	26.833365
0.000000	0.024587	26.686327	26.672825
1.000000E-5	0.022193	26.812315	26.686196
0.000000	0.077245	26.633317	26.612676
1.000000E-5	0.082032	26.699583	26.652772
0.000000	0.019000	26.679700	26.659456
1.000000E-5	0.028574	26.474420	26.412381
0.000000	0.078838	26.593574	26.585952
1.000000E-5	0.071658	26.659819	26.639405
0.000000	-0.067168	26.752621	26.699568
1.000000E-5	-0.062381	26.699583	26.612676
0.000000	0.014213	26.686327	26.565912
1.000000E-5	0.030967	26.620068	26.519166
0.000000	-0.007329	26.606821	26.559233
1.000000E-5	-0.004936	26.666446	26.659456
0.000000	-0.074348	26.653193	26.652772
1.000000E-5	-0.071955	26.659819	26.605994
0.000000	-0.055200	26.686327	26.659456
1.000000E-5	-0.050413	26.752621	26.659456
0.000000	-0.038445	26.938430	26.813286
1.000000E-5	-0.024084	26.772516	26.739692
0.000000	-0.043232	26.679700	26.619358
1.000000E-5	-0.040839	26.633317	26.539198
0.000000	-0.083923	26.653193	26.646089
1.000000E-5	-0.086316	26.679700	26.619358
0.000000	-0.074348	26.659819	26.666141
1.000000E-5	-0.067168	26.613444	26.572592
0.000000	-0.062381	26.626693	26.579272
1.000000E-5	-0.062381	26.593574	26.532520
0.000000	-0.028871	26.739359	26.612676
1.000000E-5	-0.021691	26.745990	26.719628
0.000000	-0.033658	26.792414	26.632722
1.000000E-5	-0.021691	26.633317	26.565912
0.000000	0.023787	26.507507	26.465762
1.000000E-5	0.028574	26.653193	26.565912
0.000000	-0.009723	57.768111	21.864978
1.000000E-5	-0.002542	57.768111	21.826042
0.000000	0.368457	100.956510	17.745988
1.000000E-5	0.370850	99.816729	17.739571
0.000000	0.387605	124.954163	18.079735
1.000000E-5	0.394786	125.485303	18.060477
0.000000	0.255960	106.062061	17.649738
1.000000E-5	0.263141	105.480884	17.604825
0.000000	0.351702	102.697384	17.598409
1.000000E-5	0.344521	103.994964	17.604825
0.000000	0.306225	85.617623	17.027517
1.000000E-5	0.320586	85.944124	17.085238
0.000000	0.339734	87.687398	17.098065
1.000000E-5	0.330160	86.850745	17.072411
0.000000	0.368457	89.464385	17.136547
1.000000E-5	0.363670	89.994273	17.168616
0.000000	0.461805	103.136477	17.482928
1.000000E-5	0.468986	102.462971	17.476512
0.000000	0.435476	88.565765	17.104479
1.000000E-5	0.447444	88.101001	17.059584
0.000000	0.394786	98.256937	17.399531
1.000000E-5	0.411541	98.769973	17.386702
0.000000	0.380425	90.237535	17.130133
1.000000E-5	0.385212	90.506890	17.117306
0.000000	0.478560	114.335510	17.726737
1.000000E-5	0.500102	110.430284	17.617657
0.000000	0.495315	87.687398	17.085238
1.000000E-5	0.488134	87.482230	17.065997
0.000000	0.447444	84.675326	17.014690
1.000000E-5	0.447444	84.994019	17.001864
0.000000	0.399573	83.384924	16.989037
1.000000E-5	0.399573	83.180719	16.982624
0.000000	0.433083	85.595953	17.098065
1.000000E-5	0.447444	85.229389	17.053171
0.000000	0.344521	85.791417	17.085238
1.000000E-5	0.346915	86.339563	17.136547
0.000000	7.407865	97.426806	14.795336
1.000000E-5	7.417440	97.456167	14.776076
0.000000	13.676553	90.409089	14.153031
1.000000E-5	13.671766	91.477548	14.108042
0.000000	13.987714	120.200574	13.509919
1.000000E-5	13.987714	120.357392	13.497047
0.000000	14.526261	92.653976	14.371493
1.000000E-5	14.535835	92.653976	14.371493
0.000000	14.849389	92.524367	14.814595
1.000000E-5	14.851783	92.602080	14.724715
0.000000	14.444880	58.554915	57.969292
1.000000E-5	14.437700	58.154246	57.636596
0.000000	14.164836	57.527083	56.945818
1.000000E-5	14.160049	57.845073	57.174908
0.000000	14.736893	57.581749	57.032954
1.000000E-5	14.734499	57.878097	57.317308
0.000000	14.124146	54.066488	53.639716
1.000000E-5	14.119359	54.279824	53.822455
0.000000	14.234249	51.511024	51.084645
1.000000E-5	14.236642	51.434204	50.988636
0.000000	14.624396	54.290007	53.842803
1.000000E-5	14.626790	54.443019	53.985485
0.000000	14.727318	52.227408	51.810761
1.000000E-5	14.712957	52.266435	51.830273
0.000000	14.377861	53.813769	53.387075
1.000000E-5	14.385042	53.833937	53.356848
0.000000	14.444880	54.228942	53.751306
1.000000E-5	14.454454	54.565789	54.118363
0.000000	14.255790	58.824040	58.259634
1.000000E-5	14.262971	58.790310	58.226037
0.000000	14.492751	55.143023	54.664019
1.000000E-5	14.490358	55.738028	55.247572
0.000000	12.580311	51.838864	51.451197
1.000000E-5	12.585098	51.896947	51.441516
0.000000	11.460133	53.592489	53.115722
1.000000E-5	11.462526	53.113247	52.656937
0.000000	10.344742	49.055065	48.673995
1.000000E-5	10.342348	49.000204	48.619064
0.000000	9.612318	51.357504	50.988636
1.000000E-5	9.602744	51.482202	51.007823
0.000000	9.073771	53.854113	53.387075
1.000000E-5	9.073771	53.793610	53.316575
0.000000	7.781258	52.110518	51.645227
1.000000E-5	7.783652	52.246917	51.801008
0.000000	7.039260	49.174135	48.802396
1.000000E-5	7.032079	49.339462	48.921914
0.000000	6.522255	52.120248	51.703587
1.000000E-5	6.524648	52.295725	51.859555
0.000000	5.969346	52.217657	51.820516
1.000000E-5	5.981314	51.945404	51.557818
0.000000	5.588773	51.261798	50.873672
1.000000E-5	5.593560	51.376668	50.950285
0.000000	5.232135	49.588468	49.189544
1.000000E-5	5.241709	49.367069	48.931119
0.000000	4.727098	45.784256	45.458753
1.000000E-5	4.724704	45.724112	45.424281
0.000000	4.447053	46.869707	46.591139
1.000000E-5	4.442266	47.354388	47.006484
0.000000	4.260357	46.677068	46.345225
1.000000E-5	4.262751	46.598461	46.318944
0.000000	4.267538	49.560740	49.161793
1.000000E-5	4.277112	49.653226	49.291428
0.000000	4.176583	48.563419	48.290705
1.000000E-5	4.169402	49.164966	48.829952
0.000000	4.076054	47.354388	47.015357
1.000000E-5	4.066480	47.522863	47.175316
0.000000	4.006641	50.994808	50.587425
1.000000E-5	4.009035	51.175822	50.768523
0.000000	3.846274	45.117779	44.815980
1.000000E-5	3.843881	45.117779	44.807460
0.000000	3.807977	44.897402	44.603369
1.000000E-5	3.810371	45.450005	45.132146
0.000000	3.740958	47.292454	47.033106
1.000000E-5	3.726597	47.789983	47.371483
0.000000	3.681120	50.909296	50.473388
1.000000E-5	3.693087	50.606447	50.264995
0.000000	3.705055	44.812874	44.518550
1.000000E-5	3.707449	44.821321	44.535504
0.000000	3.527933	47.354388	47.033106
1.000000E-5	3.520752	47.487350	47.157519
0.000000	3.547081	47.142344	46.776318
1.000000E-5	3.549475	47.292454	46.926699
0.000000	3.456127	49.755157	49.384228
1.000000E-5	3.458520	49.597714	49.254356
0.000000	3.381927	49.302676	48.931119
1.000000E-5	3.379533	49.625462	49.217311
0.000000	3.305334	44.677897	44.366201
1.000000E-5	3.300546	44.905862	44.620348
0.000000	3.415436	46.878480	46.555939
1.000000E-5	3.422617	46.869707	46.529554
0.000000	3.374746	47.709704	47.380417
1.000000E-5	3.374746	47.825703	47.469841
0.000000	3.290972	50.493354	50.151692
1.000000E-5	3.302940	50.296058	49.916466
0.000000	3.185656	50.719799	50.312281
1.000000E-5	3.192837	50.672538	50.293361
0.000000	3.293366	46.328585	46.048121
1.000000E-5	3.310121	46.146532	45.822020
0.000000	3.214379	45.930600	45.666037
1.000000E-5	3.214379	46.328585	46.004566
0.000000	3.329269	47.098276	46.767486
1.000000E-5	3.334056	46.939931	46.555939
0.000000	3.460914	53.103314	52.756299
1.000000E-5	3.489636	52.023034	51.645227
0.000000	3.985100	52.707671	52.291068
1.000000E-5	3.985100	52.540506	52.114075
0.000000	4.499711	53.352264	52.885780
1.000000E-5	4.497318	53.272458	52.825976
0.000000	4.638537	54.565789	54.077437
1.000000E-5	4.638537	54.453238	53.965075
0.000000	5.107671	48.654109	48.263436
1.000000E-5	5.110065	48.500030	48.127306
0.000000	6.244604	53.252528	52.806058
1.000000E-5	6.261359	53.302370	52.845902
0.000000	6.955486	54.473681	54.046766
1.000000E-5	6.960273	54.483907	53.995693
0.000000	7.269040	54.127342	53.649849
1.000000E-5	7.273827	53.975353	53.538498
0.000000	7.494033	50.823933	50.388031
1.000000E-5	7.496426	50.899804	50.454407
0.000000	8.075664	47.736450	47.335762
1.000000E-5	8.078057	47.870387	47.514610
0.000000	8.104386	51.309628	50.873672
1.000000E-5	8.109173	51.443800	51.075036
0.000000	8.209702	51.367085	50.931121
1.000000E-5	8.209702	51.405427	51.007823
0.000000	8.379644	50.814457	50.321743
1.000000E-5	8.382037	51.156736	50.720801
0.000000	8.415547	52.246917	51.762016
1.000000E-5	8.420334	52.003615	51.548116
0.000000	9.246106	51.434204	51.007823
1.000000E-5	9.250893	51.261798	50.816290
0.000000	9.887575	56.255734	55.721875
1.000000E-5	9.897150	56.319530	55.774877
0.000000	9.992891	56.725652	56.169004
1.000000E-5	9.990498	56.554212	56.030141
0.000000	10.232246	50.015553	49.654314
1.000000E-5	10.227458	50.034204	49.644977
0.000000	10.967063	55.497017	55.007012
1.000000E-5	10.976637	55.278055	54.757313
0.000000	11.436197	56.672008	56.104861
1.000000E-5	11.448165	56.490088	55.976844
0.000000	10.830631	57.038040	56.491071
1.000000E-5	10.833025	57.059664	56.566548
0.000000	11.642042	51.462997	51.017419
1.000000E-5	11.646829	51.175822	50.730342
0.000000	11.596565	53.512279	52.985619
1.000000E-5	11.620500	52.168928	51.791257
0.000000	11.601352	56.522139	56.008815
1.000000E-5	11.598958	56.607718	56.104861
0.000000	11.503217	53.532319	53.045622
1.000000E-5	11.498430	53.743249	53.185924
0.000000	11.263862	54.218772	53.730997
1.000000E-5	11.263862	54.137493	53.659985
0.000000	11.871822	50.446308	50.038646
1.000000E-5	11.871822	50.767105	50.302820
0.000000	11.498430	51.185367	50.778072
1.000000E-5	11.493642	51.242679	50.787624
0.000000	11.759326	52.032747	51.557818
1.000000E-5	11.752145	51.964800	51.470566
0.000000	11.859854	56.725652	56.201109
1.000000E-5	11.850280	56.768612	56.254667
0.000000	11.950809	57.038040	56.480299
1.000000E-5	11.953203	57.200468	56.577341
0.000000	11.598958	52.003615	51.577229
1.000000E-5	11.601352	51.974501	51.538416
0.000000	11.211204	55.811630	55.310532
1.000000E-5	11.211204	55.528382	55.007012
0.000000	11.986712	53.412207	52.935673
1.000000E-5	11.989106	53.312345	52.835938
0.000000	11.496036	58.231873	57.691875
1.000000E-5	11.508004	57.922167	57.405163
0.000000	10.847386	54.709429	54.179818
1.000000E-5	10.837812	54.688882	54.190068
0.000000	10.047943	49.422328	49.041712
1.000000E-5	10.043156	49.606962	49.226569
0.000000	8.934945	49.293484	48.912710
1.000000E-5	8.946913	49.293484	48.894308
0.000000	8.798514	52.511067	52.045419
1.000000E-5	8.803301	52.354359	51.801008
0.000000	7.970348	48.409611	48.082008
1.000000E-5	7.955987	48.590609	48.154503
0.000000	7.309730	49.100828	48.747327
1.000000E-5	7.307337	49.256731	48.875912
0.000000	7.015324	53.232606	52.786149
1.000000E-5	7.008144	53.143058	52.736410
0.000000	6.644325	51.511024	51.113484
1.000000E-5	6.644325	51.242679	50.816290
0.000000	5.976527	47.310142	46.944418
1.000000E-5	5.981314	47.151163	46.793988
0.000000	5.837701	50.155609	49.775858
1.000000E-5	5.842489	49.773712	49.439990
0.000000	5.177084	49.801557	49.374941
1.000000E-5	5.184264	49.718067	49.328528
0.000000	5.014323	48.936274	48.555052
1.000000E-5	5.016716	49.073366	48.719815
0.000000	4.863530	51.578340	51.190471
1.000000E-5	4.865923	51.703604	51.209737
0.000000	5.002355	49.931706	49.514434
1.000000E-5	5.014323	49.569981	49.272889
0.000000	4.851562	47.843572	47.442997
1.000000E-5	4.870710	47.567288	47.264392
0.000000	4.810872	52.315262	51.918172
1.000000E-5	4.810872	52.159188	51.781508
0.000000	4.794117	50.710343	50.302820
1.000000E-5	4.803691	50.767105	50.302820
0.000000	4.748640	49.857294	49.533063
1.000000E-5	4.731885	50.211741	49.813315
0.000000	4.830020	48.763150	48.409038
1.000000E-5	4.832414	48.427682	48.091064
0.000000	4.686408	52.334807	51.947507
1.000000E-5	4.693588	51.800180	51.441516
0.000000	4.765394	52.081339	51.713320
1.000000E-5	4.770182	52.325033	51.908397
0.000000	4.724704	51.109055	50.625496
1.000000E-5	4.719917	51.089995	50.701726
0.000000	4.597846	49.477647	49.134057
1.000000E-5	4.595453	49.486873	49.106336
0.000000	4.746246	47.221761	46.847033
1.000000E-5	4.758214	47.107087	46.785152
0.000000	4.906613	47.063047	46.714520
1.000000E-5	4.901826	47.107087	46.740996
0.000000	5.516967	52.003615	51.606359
1.000000E-5	5.519360	52.052178	51.635507
0.000000	6.871712	54.719706	54.292694
1.000000E-5	6.866925	55.008384	54.477989
0.000000	7.714239	54.402167	53.934477
1.000000E-5	7.719026	54.422589	53.934477
0.000000	8.209702	54.005712	53.578959
1.000000E-5	8.197734	54.340956	53.863159
0.000000	8.420334	51.051898	50.606457
1.000000E-5	8.420334	51.080468	50.625496
0.000000	8.173799	55.769558	55.268549
1.000000E-5	8.173799	56.415391	55.902332
0.000000	8.386824	55.163772	54.684735
1.000000E-5	8.398792	55.029072	54.539917
0.000000	8.070877	55.497017	54.996581
1.000000E-5	8.073270	55.549304	55.027881
0.000000	8.063696	58.577281	58.069582
1.000000E-5	8.056515	58.812794	58.270839
0.000000	8.348528	53.612563	53.115722
1.000000E-5	8.343740	53.162943	52.726469
0.000000	8.487353	51.128122	50.701726
1.000000E-5	8.496927	51.280924	50.797178
0.000000	8.401186	51.319199	50.825849
1.000000E-5	8.405973	51.261798	50.825849
0.000000	8.487353	51.955101	51.528717
1.000000E-5	8.470598	52.013324	51.577229
0.000000	8.190554	55.738028	55.163757
1.000000E-5	8.192947	55.455230	54.965303
0.000000	8.944520	55.184530	54.715826
1.000000E-5	8.939733	55.267654	54.819613
0.000000	8.719527	56.383415	55.827941
1.000000E-5	8.733888	56.075460	55.542121
0.000000	8.640540	53.492248	53.025613
1.000000E-5	8.657295	52.550323	52.084639
0.000000	8.580701	51.453397	51.055823
1.000000E-5	8.607030	50.975793	50.549384
0.000000	8.702772	54.381755	53.914090
1.000000E-5	8.700378	54.504364	54.036547
0.000000	8.891862	54.290007	53.812284
1.000000E-5	8.889468	54.290007	53.822455
0.000000	8.494534	49.385482	49.032487
1.000000E-5	8.499321	49.514561	49.115575
0.000000	8.535224	50.597013	50.161125
1.000000E-5	8.535224	50.540445	50.161125
0.000000	8.602243	50.681986	50.293361
1.000000E-5	8.604637	50.606447	50.198871
0.000000	8.135502	50.380518	49.954028
1.000000E-5	8.142683	50.436904	49.925854
0.000000	7.216382	48.808652	48.445503
1.000000E-5	7.216382	48.918022	48.545914
0.000000	6.802299	49.514561	49.171042
1.000000E-5	6.802299	49.616211	49.180292
0.000000	6.646719	48.808652	48.445503
1.000000E-5	6.646719	48.908899	48.518510
0.000000	6.515074	51.405427	51.017419
1.000000E-5	6.524648	51.032861	50.606457
0.000000	6.543797	53.242566	52.806058
1.000000E-5	6.550977	53.282427	52.865837
0.000000	6.771183	49.662484	49.291428
1.000000E-5	6.768790	49.941016	49.551698
0.000000	6.534222	52.845775	52.399550
1.000000E-5	6.534222	53.452210	53.025613
0.000000	6.505500	47.434124	47.068623
1.000000E-5	6.512680	47.301297	46.988744
0.000000	6.644325	49.773712	49.356370
1.000000E-5	6.634751	50.052863	49.663653
0.000000	6.735280	52.865536	52.429178
1.000000E-5	6.728099	53.202738	52.816016
0.000000	6.716132	53.632645	53.256230
1.000000E-5	6.720919	53.432204	52.925690
0.000000	6.596454	49.792273	49.402809
1.000000E-5	6.594061	50.164960	49.766498
0.000000	6.515074	48.346411	47.955385
1.000000E-5	6.527042	48.310332	47.964419
0.000000	6.460023	49.643970	49.245092
1.000000E-5	6.464810	49.634715	49.217311
0.000000	6.560551	53.874298	53.407237
1.000000E-5	6.560551	53.753317	53.296452
0.000000	6.325984	52.334807	51.849792
1.000000E-5	6.314016	52.354359	51.947507
0.000000	6.701770	52.766810	52.360073
1.000000E-5	6.696983	52.796406	52.320629
0.000000	6.412152	49.192478	48.829952
1.000000E-5	6.412152	48.863308	48.545914
0.000000	6.596454	47.986744	47.595290
1.000000E-5	6.594061	47.924058	47.595290
0.000000	6.495926	49.385482	49.041712
1.000000E-5	6.495926	49.339462	48.977170
0.000000	6.469597	49.931706	49.542379
1.000000E-5	6.476777	50.062194	49.682336
0.000000	6.397790	52.766810	52.310773
1.000000E-5	6.400184	52.717522	52.241838
0.000000	6.471990	59.687188	59.073648
1.000000E-5	6.481564	59.378613	58.789316
0.000000	6.378642	54.046220	53.568840
1.000000E-5	6.376249	54.046220	53.619455
0.000000	6.519861	53.743249	53.316575
1.000000E-5	6.512680	53.894492	53.477871
0.000000	6.505500	52.100789	51.713320
1.000000E-5	6.505500	52.334807	51.918172
0.000000	6.443268	48.112344	47.721041
1.000000E-5	6.448055	48.130311	47.784030
0.000000	6.354707	48.817757	48.418152
1.000000E-5	6.361887	48.672267	48.281614
0.000000	6.522255	47.879328	47.532528
1.000000E-5	6.519861	48.058478	47.685081
0.000000	6.249391	49.357865	48.958745
1.000000E-5	6.244604	49.569981	49.180292
0.000000	2.611206	45.321988	45.037962
1.000000E-5	2.611206	45.253834	45.012303
0.000000	2.288078	45.398762	45.055074
1.000000E-5	2.280897	45.732700	45.432897
0.000000	2.283291	46.389406	46.117881
1.000000E-5	2.283291	46.380713	46.126607
0.000000	2.101382	46.328585	46.039407
1.000000E-5	2.103775	46.441594	46.161526
0.000000	2.063085	42.707207	42.479064
1.000000E-5	2.060691	42.633992	42.372826
0.000000	2.072659	42.504057	42.250481
1.000000E-5	2.082233	42.382502	42.112128
0.000000	2.149253	46.345955	46.065552
1.000000E-5	2.134891	46.808338	46.503183
0.000000	1.988885	43.510462	43.277904
1.000000E-5	1.996066	43.824966	43.535543
0.000000	1.926653	43.099247	42.831839
1.000000E-5	1.938621	43.132037	42.848299
0.000000	2.003246	43.345624	43.087494
1.000000E-5	2.000853	43.370319	43.087494
0.000000	1.933834	44.644203	44.323954
1.000000E-5	1.936227	44.610530	44.323954
0.000000	0.136283	26.454571	26.485786
1.000000E-5	0.131496	26.481036	26.479111
0.000000	0.143464	26.706212	26.706254
1.000000E-5	0.153038	26.626693	26.626040
0.000000	0.071658	26.514126	26.539198
1.000000E-5	0.074051	26.540603	26.525843
0.000000	0.030967	26.467803	26.492461
1.000000E-5	0.040542	26.328936	26.365690
0.000000	0.081232	26.500889	26.512489
1.000000E-5	0.093199	26.447956	26.505813
0.000000	0.112348	26.467803	26.532520
1.000000E-5	0.109954	26.553844	26.579272
0.000000	0.030967	26.613444	26.619358
1.000000E-5	0.026180	26.461187	26.492461
0.000000	0.145857	26.328936	26.359021
1.000000E-5	0.138677	26.507507	26.525843
0.000000	0.105167	26.494271	26.519166
1.000000E-5	0.100380	26.507507	26.479111
0.000000	0.114741	26.500889	26.539198
1.000000E-5	0.114741	26.553844	26.579272
0.000000	0.030967	26.421497	26.465762
1.000000E-5	0.004638	26.547223	26.559233
0.000000	-0.007329	26.606821	26.626040
1.000000E-5	-0.004936	26.580329	26.585952
