LabVIEW Measurement	
Writer_Version	2
Reader_Version	2
Separator	Tab
Decimal_Separator	,
Multi_Headings	No
X_Columns	One
Time_Pref	Absolute
Operator	ti2289
Date	2015/06/15
Time	12:14:01,855510711669921875
***End_of_Header***	
	
Notes	X-Werte garantiert gültig nur für Lead				
Channels	4				
Samples	2	2	2	1	
Date	2015/06/15	2015/06/15	2015/06/15	2015/06/15	
Time	12:14:02,097524999999949497	12:14:02,097524999999949497	12:14:02,097524999999949497	12:14:01,855510711669921875	
Y_Unit_Label	Volts	Volts	Volts		
X_Dimension	Time	Time	Time	Time	
X0	0,0000000000000000E+0	0,0000000000000000E+0	0,0000000000000000E+0	0,0000000000000000E+0	
Delta_X	1,000000E-5	1,000000E-5	1,000000E-5	1,000000	
***End_of_Header***					
X_Value	Lead	Measurement	Temperature_1	Untitled	Comment
0,000000	1,392038	14,541011	25,494903	1,393906E+7
1,000000E-5	1,392038	14,566476	25,163975	
0,000000	1,275233	19,829850	25,926274	1,394009E+7
1,000000E-5	1,277148	19,797916	24,774435	
0,000000	1,286722	15,190098	25,249943	1,394041E+7
1,000000E-5	1,286722	15,139209	24,734878	
0,000000	1,361401	15,183737	25,183809	1,394072E+7
1,000000E-5	1,369060	15,164654	24,992188	
0,000000	1,313530	11,074643	25,256558	1,394104E+7
1,000000E-5	1,315445	11,061771	25,011999	
0,000000	1,338423	12,895611	25,084664	1,394136E+7
1,000000E-5	1,340338	12,889220	25,104487	
0,000000	1,254170	12,806125	25,078056	1,394169E+7
1,000000E-5	1,256085	12,812517	25,038419	
0,000000	1,261830	13,349073	24,972379	1,394201E+7
1,000000E-5	1,271404	13,329924	25,441903	
0,000000	1,275233	12,569503	25,640756	1,394232E+7
1,000000E-5	1,277148	12,531114	24,616265	
0,000000	1,382464	12,627076	25,283021	1,394263E+7
1,000000E-5	1,380549	12,627076	24,866777	
0,000000	1,386294	12,198202	24,978982	1,394295E+7
1,000000E-5	1,384379	12,178983	24,589919	
0,000000	1,388209	11,653128	24,959175	1,394326E+7
1,000000E-5	1,397783	11,646708	25,322726	
0,000000	1,286722	14,279924	25,084664	1,394358E+7
1,000000E-5	1,279063	14,279924	25,249943	
0,000000	1,309700	11,896952	24,814004	1,394389E+7
1,000000E-5	1,300126	11,871297	24,399042	
0,000000	1,403527	10,346089	25,084664	1,394420E+7
1,000000E-5	1,411187	10,365466	25,906335	
0,000000	1,346082	12,377511	25,243328	1,394452E+7
1,000000E-5	1,344167	12,371109	25,111096	
0,000000	1,254170	13,412895	24,399042	1,394484E+7
1,000000E-5	1,261830	13,419276	25,508157	
0,000000	1,370975	12,627076	24,543824	1,394516E+7
1,000000E-5	1,344167	12,607886	24,543824	
0,000000	1,393953	14,464607	25,031813	1,394547E+7
1,000000E-5	1,393953	14,464607	25,170586	
0,000000	1,349912	13,591542	25,362440	1,394579E+7
1,000000E-5	1,349912	13,578784	25,071449	
0,000000	1,271404	14,420034	25,117705	1,394610E+7
1,000000E-5	1,269489	14,407298	24,556992	
0,000000	1,284808	5,914940	25,349201	1,394642E+7
1,000000E-5	1,284808	5,908268	25,302872	
0,000000	1,263744	6,014981	24,491161	1,394674E+7
1,000000E-5	1,259915	6,034978	25,800042	
0,000000	1,340338	8,220494	25,243328	1,394705E+7
1,000000E-5	1,340338	8,194308	24,491161	
0,000000	1,325019	10,158673	25,269789	1,394737E+7
1,000000E-5	1,317360	10,152207	25,574441	
0,000000	1,269489	10,352548	25,600963	1,394769E+7
1,000000E-5	1,267574	10,333170	25,269789	
0,000000	1,344167	9,880425	24,754655	1,394801E+7
1,000000E-5	1,361401	9,893376	25,654023	
0,000000	1,401612	12,012365	24,741470	1,394831E+7
1,000000E-5	1,405442	12,012365	25,045024	
0,000000	1,342253	10,984521	25,415411	1,394863E+7
1,000000E-5	1,338423	10,965204	24,491161	
0,000000	1,325019	9,718449	25,190421	1,394894E+7
1,000000E-5	1,334593	9,686036	24,794218	
0,000000	1,309700	10,546224	24,992188	1,394925E+7
1,000000E-5	1,305871	10,546224	25,488277	
0,000000	1,265659	10,694578	24,326700	1,394956E+7
1,000000E-5	1,267574	10,681682	24,057348	
0,000000	1,286722	10,797716	25,051630	1,394988E+7
1,000000E-5	1,275233	10,797716	25,210259	
0,000000	1,290552	10,119874	24,893171	1,395018E+7
1,000000E-5	1,294382	10,126341	25,249943	
0,000000	1,338423	10,771936	25,011999	1,395050E+7
1,000000E-5	1,330764	10,752600	24,458255	
0,000000	1,336508	10,106939	24,992188	1,395082E+7
1,000000E-5	1,330764	10,113406	25,819966	
0,000000	1,415016	8,207402	25,713739	1,395117E+7
1,000000E-5	1,418846	8,174665	24,576747	
0,000000	1,279063	8,338273	25,078056	1,395148E+7
1,000000E-5	1,282893	8,312109	25,150753	
0,000000	1,321189	8,645345	24,886572	1,395178E+7
1,000000E-5	1,323104	8,645345	25,263174	
0,000000	1,395868	9,042928	25,223486	1,395210E+7
1,000000E-5	1,403527	9,016889	25,183809	
0,000000	1,325019	8,082959	24,728286	1,395242E+7
1,000000E-5	1,323104	8,069853	24,846985	
0,000000	1,319275	10,978082	25,058236	1,395273E+7
1,000000E-5	1,319275	10,971643	25,243328	
0,000000	1,271404	9,244583	24,978982	1,395304E+7
1,000000E-5	1,282893	9,238082	25,873110	
0,000000	1,303956	10,584936	25,183809	1,395336E+7
1,000000E-5	1,286722	10,572033	24,787624	
0,000000	-0,035192	13,195855	25,349201	1,395366E+7
1,000000E-5	-0,033278	13,195855	25,342582	
0,000000	-0,033278	13,687213	24,688740	1,395398E+7
1,000000E-5	-0,025618	13,699967	24,636027	
0,000000	0,091187	14,063318	25,236714	1,395429E+7
1,000000E-5	0,089272	14,063318	25,124314	
0,000000	-0,025618	14,706520	25,514784	1,395461E+7
1,000000E-5	-0,021789	14,674694	25,084664	
0,000000	0,018423	15,005609	25,243328	1,395493E+7
1,000000E-5	0,022253	14,986522	24,972379	
0,000000	0,001189	16,137537	24,827195	1,395526E+7
1,000000E-5	0,012678	16,162965	25,071449	
0,000000	0,039486	18,847469	25,972811	1,395557E+7
1,000000E-5	0,033742	18,841097	25,051630	
0,000000	0,050975	15,266428	25,111096	1,395589E+7
1,000000E-5	0,049060	15,240985	25,031813	
0,000000	-0,010300	14,967434	25,111096	1,395619E+7
1,000000E-5	-0,006470	14,954709	25,091271	
0,000000	0,029912	15,641637	24,886572	1,395651E+7
1,000000E-5	0,033742	15,641637	25,051630	
0,000000	0,052890	14,279924	25,428657	1,395683E+7
1,000000E-5	0,049060	14,260815	24,814004	
0,000000	-0,014129	12,767766	25,071449	1,395715E+7
1,000000E-5	-0,014129	12,774159	24,879973	
0,000000	-0,039022	12,876437	25,634123	1,395746E+7
1,000000E-5	-0,035192	12,870046	25,402166	
0,000000	-0,012214	14,203485	25,097879	1,395778E+7
1,000000E-5	-0,006470	14,178003	25,422034	
0,000000	0,049060	14,267185	25,369061	1,395810E+7
1,000000E-5	0,033742	14,254446	24,596505	
0,000000	0,022253	13,048960	25,104487	1,395841E+7
1,000000E-5	0,026082	13,036183	25,283021	
0,000000	0,073953	15,228264	25,236714	1,395873E+7
1,000000E-5	0,081612	15,221903	25,316107	
0,000000	-0,039022	13,961354	25,362440	1,395905E+7
1,000000E-5	-0,039022	13,942233	25,025208	
0,000000	-0,033278	16,086680	25,177197	1,395938E+7
1,000000E-5	-0,039022	16,073966	25,375681	
0,000000	-0,014129	15,221903	24,853582	1,395969E+7
1,000000E-5	-0,002640	15,221903	25,395545	
0,000000	0,031827	16,112109	25,005395	1,396002E+7
1,000000E-5	0,014593	16,099394	25,005395	
0,000000	0,037571	16,201107	24,754655	1,396033E+7
1,000000E-5	0,043316	16,194750	25,038419	
0,000000	0,095016	15,647995	25,097879	1,396064E+7
1,000000E-5	0,095016	15,635278	24,912969	
0,000000	0,060549	16,118466	24,926169	1,396095E+7
1,000000E-5	0,064379	16,112109	25,249943	
0,000000	-0,002640	16,347316	25,289638	1,396126E+7
1,000000E-5	-0,002640	16,340959	25,078056	
0,000000	0,001189	16,162965	25,045024	1,396158E+7
1,000000E-5	-0,002640	16,143894	24,998792	
0,000000	0,052890	16,232892	24,985585	1,396189E+7
1,000000E-5	0,049060	16,213821	24,353003	
0,000000	-0,042852	16,188393	23,082034	1,396219E+7
1,000000E-5	-0,033278	16,232892	26,239042	
0,000000	-0,014129	16,760514	25,627490	1,396251E+7
1,000000E-5	-0,016044	16,766871	25,746926	
0,000000	0,022253	14,980160	25,620858	1,396282E+7
1,000000E-5	0,018423	14,961072	25,243328	
0,000000	0,066294	16,213821	25,025208	1,396314E+7
1,000000E-5	0,060549	16,207464	25,362440	
0,000000	0,056720	14,515544	25,216872	1,396346E+7
1,000000E-5	0,062464	14,490076	25,475026	
0,000000	0,068209	13,719098	24,701920	1,396378E+7
1,000000E-5	0,081612	13,725475	25,780121	
0,000000	0,029912	15,552614	24,939371	1,396409E+7
1,000000E-5	0,043316	15,552614	25,753565	
0,000000	0,075868	19,013170	25,071449	1,396440E+7
1,000000E-5	0,079698	18,994048	25,025208	
0,000000	-0,021789	17,657069	25,031813	1,396472E+7
1,000000E-5	-0,016044	17,650708	25,236714	
0,000000	0,014593	17,440827	25,309490	1,396504E+7
1,000000E-5	0,012678	17,421749	24,992188	
0,000000	0,029912	16,499880	25,243328	1,396536E+7
1,000000E-5	0,035656	16,468096	25,111096	
0,000000	-0,016044	15,775160	25,124314	1,396566E+7
1,000000E-5	-0,023703	15,756086	25,025208	
0,000000	-0,008385	16,271034	24,556992	1,396598E+7
1,000000E-5	-0,006470	16,271034	25,045024	
0,000000	-0,040937	17,262774	24,833791	1,396629E+7
1,000000E-5	-0,040937	17,269133	25,177197	
0,000000	0,005019	16,722371	25,700467	1,396662E+7
1,000000E-5	0,005019	16,703300	24,873375	
0,000000	0,093101	16,607946	26,532520	1,396693E+7
1,000000E-5	0,079698	16,544378	23,952353	
0,000000	-0,008385	16,468096	25,177197	1,396724E+7
1,000000E-5	-0,002640	16,455382	25,124314	
0,000000	0,050975	15,921389	25,833250	1,396756E+7
1,000000E-5	0,060549	15,902317	24,807408	
0,000000	0,083527	16,302818	25,197033	1,396789E+7
1,000000E-5	0,083527	16,290104	24,906369	
0,000000	-0,029448	-2,584420	24,622852	1,396820E+7
1,000000E-5	-0,019874	-2,569472	25,999410	
0,000000	0,093101	24,843341	24,866777	1,396852E+7
1,000000E-5	0,087357	25,065852	25,097879	
0,000000	-0,017959	25,078952	25,117705	1,396884E+7
1,000000E-5	-0,006470	25,288698	25,302872	
0,000000	-0,021789	24,954555	24,992188	1,396916E+7
1,000000E-5	-0,027533	25,124808	25,104487	
0,000000	0,058634	25,236233	25,236714	1,396947E+7
1,000000E-5	0,049060	25,768336	25,806683	
0,000000	0,003104	24,810647	24,827195	1,396979E+7
1,000000E-5	0,014593	25,170679	25,183809	
0,000000	0,045231	25,216564	25,236714	1,397011E+7
1,000000E-5	0,054805	25,544740	25,514784	
0,000000	0,008849	24,817185	24,846985	1,397042E+7
1,000000E-5	0,006934	24,987281	25,011999	
0,000000	0,014593	24,177727	24,247819	1,397073E+7
1,000000E-5	0,027997	25,026562	25,051630	
0,000000	0,045231	25,131360	25,163975	1,397105E+7
1,000000E-5	0,052890	24,954555	24,972379	
0,000000	0,006934	25,551311	25,561181	1,397136E+7
1,000000E-5	0,001189	24,503657	24,477997	
0,000000	0,001189	24,895667	24,893171	1,397168E+7
1,000000E-5	0,001189	25,020014	25,031813	
0,000000	-0,040937	25,203452	25,210259	1,397199E+7
1,000000E-5	-0,033278	25,433076	25,422034	
0,000000	-0,031363	25,295258	25,289638	1,397229E+7
1,000000E-5	-0,039022	24,510183	24,524073	
0,000000	0,093101	25,538169	25,554552	1,397261E+7
1,000000E-5	0,093101	25,098603	25,117705	
0,000000	0,098846	25,210008	25,177197	1,397293E+7
1,000000E-5	0,089272	24,948011	24,978982	
0,000000	0,068209	25,229677	25,249943	1,397324E+7
1,000000E-5	0,064379	25,774918	25,786761	
0,000000	0,006934	24,862961	24,906369	1,397356E+7
1,000000E-5	0,014593	25,046206	25,058236	
0,000000	0,093101	24,967645	24,998792	1,397387E+7
1,000000E-5	0,104590	25,400250	25,422034	
0,000000	0,079698	25,059303	25,045024	1,397418E+7
1,000000E-5	0,087357	25,531599	25,514784	
0,000000	0,083527	25,446208	25,461776	1,397450E+7
1,000000E-5	0,089272	24,679938	24,701920	
0,000000	-0,119445	25,137913	25,177197	1,397480E+7
1,000000E-5	-0,115615	25,400250	25,388923	
0,000000	-0,075404	25,203452	25,230100	1,397512E+7
1,000000E-5	-0,081148	24,954555	24,978982	
0,000000	-0,012214	24,915294	24,952573	1,397543E+7
1,000000E-5	-0,006470	25,085502	25,097879	
0,000000	0,098846	25,255906	25,283021	1,397573E+7
1,000000E-5	0,104590	25,065852	25,084664	
0,000000	0,114165	24,719139	24,728286	1,397605E+7
1,000000E-5	0,125654	26,487654	26,479111	
0,000000	0,085442	25,387122	25,408789	1,397637E+7
1,000000E-5	0,083527	24,693004	24,728286	
0,000000	0,179269	25,847338	25,859822	1,397668E+7
1,000000E-5	0,179269	25,406815	25,408789	
0,000000	0,265436	25,689379	25,700467	1,397701E+7
1,000000E-5	0,265436	25,689379	25,727013	
0,000000	0,278840	25,965928	25,966162	1,397731E+7
1,000000E-5	0,276925	25,689379	25,687195	
0,000000	0,307563	25,571027	25,574441	1,397763E+7
1,000000E-5	0,317137	26,111012	26,105860	
0,000000	0,202247	25,932976	25,899689	1,397794E+7
1,000000E-5	0,204162	24,941467	24,952573	
0,000000	0,322881	25,511889	25,528038	1,397827E+7
1,000000E-5	0,330541	25,814415	25,846535	
0,000000	0,324796	26,368597	26,432396	1,397859E+7
1,000000E-5	0,324796	25,748592	25,766842	
0,000000	0,261607	26,005481	26,019363	1,397891E+7
1,000000E-5	0,267351	25,853924	25,826608	
0,000000	0,294159	25,531599	25,514784	1,397922E+7
1,000000E-5	0,313307	26,441341	26,452415	
0,000000	0,332456	26,395044	26,399039	1,397954E+7
1,000000E-5	0,326711	26,124209	26,139143	
0,000000	0,336285	25,636766	25,654023	1,397984E+7
1,000000E-5	0,334371	25,814415	25,859822	
0,000000	0,338200	26,639942	26,666141	1,398016E+7
1,000000E-5	0,342030	26,196818	26,179094	
0,000000	0,382241	26,885313	26,900317	1,398047E+7
1,000000E-5	0,384156	26,282679	26,299018	
0,000000	0,426283	26,553844	26,579272	1,398078E+7
1,000000E-5	0,418623	26,005481	26,032667	
0,000000	0,422453	27,644426	27,666187	1,398108E+7
1,000000E-5	0,418623	27,024793	27,034330	
0,000000	0,320967	27,611030	27,632493	1,398140E+7
1,000000E-5	0,324796	27,704562	27,713375	
0,000000	0,357349	28,180082	28,172789	1,398169E+7
1,000000E-5	0,351604	27,811549	27,848305	
0,000000	0,460750	29,953082	29,961309	1,398201E+7
1,000000E-5	0,456920	29,157613	29,199843	
0,000000	0,414794	29,741707	29,706849	1,398232E+7
1,000000E-5	0,424368	30,665564	30,666235	
0,000000	0,456920	31,383450	31,404413	1,398263E+7
1,000000E-5	0,458835	31,161968	31,194895	
0,000000	0,535428	32,309899	32,325100	1,398295E+7
1,000000E-5	0,533513	32,407992	32,431143	
0,000000	0,476068	33,218084	33,220015	1,398326E+7
1,000000E-5	0,474153	32,886058	32,870860	
0,000000	0,489472	33,168549	33,184319	1,398357E+7
1,000000E-5	0,489472	33,537239	33,534807	
0,000000	0,491387	34,322764	34,319973	1,398389E+7
1,000000E-5	0,493302	34,653593	34,682777	
0,000000	0,537343	34,942429	34,923167	1,398420E+7
1,000000E-5	0,545002	35,428706	35,442966	
0,000000	0,585214	36,573492	36,568224	1,398451E+7
1,000000E-5	0,585214	36,699349	36,725078	
0,000000	1,023711	38,114106	38,145244	1,398482E+7
1,000000E-5	1,033285	38,432524	38,458935	
0,000000	2,919396	39,970359	39,987465	1,398513E+7
1,000000E-5	2,915567	40,110587	40,152573	
0,000000	7,139691	43,009171	43,029667	1,398545E+7
1,000000E-5	7,143520	43,353854	43,352584	
0,000000	11,237435	45,973718	46,048121	1,398576E+7
1,000000E-5	11,237435	45,586886	45,614142	
0,000000	15,007743	49,027627	49,069398	1,398608E+7
1,000000E-5	15,005829	49,293484	49,272889	
0,000000	17,060445	52,727376	52,726469	1,398640E+7
1,000000E-5	17,064275	51,482202	51,509326	
0,000000	18,079137	54,586282	54,632963	1,398671E+7
1,000000E-5	18,077222	54,863821	54,881995	
0,000000	18,391255	56,181418	56,211816	1,398703E+7
1,000000E-5	18,389340	56,372761	56,458762	
0,000000	18,305088	59,344460	59,336851	1,398734E+7
1,000000E-5	18,303173	58,187498	58,192465	
0,000000	18,307002	63,684112	63,652214	1,398765E+7
1,000000E-5	18,295513	59,549778	59,543934	
0,000000	18,247643	62,140146	62,206297	1,398797E+7
1,000000E-5	18,259132	61,621580	61,621921	
0,000000	18,203601	63,333391	63,361615	1,398828E+7
1,000000E-5	18,207431	63,608714	63,652214	
0,000000	18,138497	64,625184	64,626827	1,398859E+7
1,000000E-5	18,132753	64,037744	64,098271	
0,000000	18,111689	66,024102	66,011424	1,398891E+7
1,000000E-5	18,113604	65,904625	65,904311	
0,000000	17,910632	67,183333	67,208164	1,398922E+7
1,000000E-5	17,910632	67,650690	67,721799	
0,000000	18,006373	67,292827	67,318683	1,398953E+7
1,000000E-5	18,019777	68,714851	68,754277	
0,000000	17,912547	68,095422	68,142986	1,398984E+7
1,000000E-5	17,918291	68,025617	68,086580	
0,000000	17,851272	68,985237	69,070573	1,399016E+7
1,000000E-5	17,845527	69,185613	69,186196	
0,000000	17,789997	70,320276	70,465113	1,399047E+7
1,000000E-5	17,795742	69,300553	69,316662	
0,000000	17,759360	70,335029	70,360719	1,399078E+7
1,000000E-5	17,759360	70,423660	70,480048	
0,000000	17,709574	71,034520	71,006258	1,399109E+7
1,000000E-5	17,713404	70,423660	70,435259	
0,000000	17,650214	72,564112	72,564113	1,399140E+7
1,000000E-5	17,642555	69,401391	69,418423	
0,000000	17,575536	71,776812	71,816278	1,399171E+7
1,000000E-5	17,575536	71,669936	71,692970	
0,000000	17,556387	72,207158	72,157321	1,399204E+7
1,000000E-5	17,562132	72,315463	72,344563	
0,000000	17,546813	71,366117	71,371059	1,399236E+7
1,000000E-5	17,548728	72,501806	72,485565	
0,000000	17,483624	71,578551	71,600735	1,399267E+7
1,000000E-5	17,485539	72,191709	72,250834	
0,000000	17,489368	75,455885	75,549820	1,399298E+7
1,000000E-5	17,479794	71,960686	72,017456	
0,000000	17,414690	71,654691	71,692970	1,399329E+7
1,000000E-5	17,418519	74,202570	74,233590	
0,000000	17,424264	73,911384	73,955914	1,399360E+7
1,000000E-5	17,424264	73,494473	73,502708	
0,000000	17,408945	73,510428	73,551022	1,399393E+7
1,000000E-5	17,408945	73,782643	73,793468	
0,000000	17,380223	73,224194	73,310029	1,399424E+7
1,000000E-5	17,382138	73,814790	73,874609	
0,000000	17,340011	73,510428	73,567140	1,399455E+7
1,000000E-5	17,341926	75,606937	75,651580	
0,000000	17,301715	74,824324	74,894627	1,399486E+7
1,000000E-5	17,301715	74,008212	74,021077	
0,000000	17,288311	74,857317	74,894627	1,399518E+7
1,000000E-5	17,286396	75,105633	75,145356	
0,000000	17,294055	75,272037	75,313386	1,399549E+7
1,000000E-5	17,301715	75,741688	75,719563	
0,000000	17,261503	75,089030	75,145356	1,399580E+7
1,000000E-5	17,267248	76,491064	76,457801	
0,000000	17,244270	76,456694	76,492473	1,399611E+7
1,000000E-5	17,236610	74,430517	74,447233	
0,000000	17,255759	75,674256	75,821757	1,399643E+7
1,000000E-5	17,257673	73,351158	73,406253	
0,000000	17,227036	76,080568	76,147106	1,399674E+7
1,000000E-5	17,225121	74,137680	74,053698	
0,000000	17,215547	75,405660	75,414544	1,399705E+7
1,000000E-5	17,227036	75,372213	75,414544	
0,000000	17,169591	75,724819	75,719563	1,399737E+7
1,000000E-5	17,169591	76,234009	76,233168	
0,000000	17,150443	75,809234	75,855879	1,399768E+7
1,000000E-5	17,150443	76,029552	76,061230	
0,000000	17,171506	75,539732	75,566762	1,399799E+7
1,000000E-5	17,169591	76,234009	76,198721	
0,000000	17,135124	73,992058	73,907111	1,399830E+7
1,000000E-5	17,137039	75,305401	75,313386	
0,000000	17,135124	79,047290	79,090411	1,399861E+7
1,000000E-5	17,140869	75,573321	75,634602	
0,000000	17,156187	76,097588	76,095559	1,399893E+7
1,000000E-5	17,154272	75,372213	75,380796	
0,000000	17,089168	75,758564	75,787663	1,399923E+7
1,000000E-5	17,091083	75,590126	75,617631	
0,000000	17,092998	75,657416	75,685557	1,399954E+7
1,000000E-5	17,089168	75,792337	75,890031	
0,000000	17,100657	75,606937	75,753599	1,399989E+7
1,000000E-5	17,098742	76,491064	76,579285	
0,000000	17,087253	76,680631	76,736024	1,400021E+7
1,000000E-5	17,089168	76,148691	76,129916	
0,000000	17,070020	76,165740	76,233168	1,400052E+7
1,000000E-5	17,066190	76,268187	76,215941	
0,000000	17,022149	75,623756	75,685557	1,400083E+7
1,000000E-5	17,025978	76,405194	76,423160	
0,000000	17,039382	76,012561	76,061230	1,400115E+7
1,000000E-5	17,027893	74,577742	74,695168	
0,000000	17,025978	76,353761	76,353967	1,400146E+7
1,000000E-5	17,035553	76,456694	76,527175	
0,000000	17,004915	76,508260	76,544537	1,400176E+7
1,000000E-5	17,012575	76,663360	76,648870	
0,000000	17,062360	77,289880	77,316079	1,400207E+7
1,000000E-5	17,056616	75,995578	76,078391	
0,000000	17,043212	76,871105	76,963521	1,400238E+7
1,000000E-5	17,043212	76,182796	76,250402	
0,000000	17,001086	76,836405	76,753478	1,400270E+7
1,000000E-5	17,006830	77,342538	77,280682	
0,000000	17,012575	78,992318	78,924106	1,400303E+7
1,000000E-5	17,016404	75,893828	75,941314	
0,000000	16,962789	76,628841	76,683709	1,400334E+7
1,000000E-5	16,974278	79,341771	79,369151	
0,000000	16,976193	77,962105	78,084849	1,400365E+7
1,000000E-5	16,978108	77,465680	77,564745	
0,000000	16,968533	76,767097	76,893384	1,400396E+7
1,000000E-5	16,980022	76,251094	76,233168	
0,000000	16,941726	76,697909	76,753478	1,400428E+7
1,000000E-5	16,945555	76,819067	76,893384	
0,000000	16,945555	76,525463	76,631462	1,400459E+7
1,000000E-5	16,949385	76,767097	76,823369	
0,000000	16,949385	76,992792	77,104169	1,400491E+7
1,000000E-5	16,953215	76,940595	76,998637	
0,000000	16,949385	75,506172	75,566762	1,400524E+7
1,000000E-5	16,955130	77,202270	77,192328	
0,000000	16,913003	78,140917	78,157126	1,400556E+7
1,000000E-5	16,926407	77,114854	77,157041	
0,000000	16,951300	78,428704	78,447559	1,400586E+7
1,000000E-5	16,953215	76,905835	76,945975	
0,000000	16,928322	76,784413	76,823369	1,400617E+7
1,000000E-5	16,924492	77,483303	77,493538	
0,000000	16,926407	77,324978	77,386968	1,400648E+7
1,000000E-5	16,934066	76,388042	76,388548	
0,000000	16,914918	77,395267	77,404710	1,400679E+7
1,000000E-5	16,918748	77,237291	77,209983	
0,000000	16,916833	77,377683	77,333789	1,400711E+7
1,000000E-5	16,926407	78,069295	77,994688	
0,000000	16,911088	78,846099	78,832015	1,400742E+7
1,000000E-5	16,905344	76,114615	76,147106	
0,000000	16,899599	77,536219	77,493538	1,400774E+7
1,000000E-5	16,897685	78,140917	78,157126	
0,000000	16,937896	75,724819	75,838814	1,400805E+7
1,000000E-5	16,939811	80,295363	80,217375	
0,000000	16,926407	76,749788	76,858361	1,400837E+7
1,000000E-5	16,924492	77,184772	77,209983	
0,000000	16,874707	76,388042	76,423160	1,400868E+7
1,000000E-5	16,884281	79,047290	79,016411	
0,000000	16,865132	76,456694	76,544537	1,400900E+7
1,000000E-5	16,870877	79,434248	79,556076	
0,000000	16,859388	76,836405	76,858361	1,400929E+7
1,000000E-5	16,870877	78,537166	78,447559	
0,000000	16,844069	76,268187	76,371254	1,400959E+7
1,000000E-5	16,851729	77,395267	77,457983	
0,000000	16,865132	76,628841	76,788408	1,400990E+7
1,000000E-5	16,868962	78,446761	78,447559	
0,000000	16,872792	77,784097	77,850855	1,401022E+7
1,000000E-5	16,867047	77,890806	77,922706	
0,000000	16,826836	78,356561	78,392940	1,401053E+7
1,000000E-5	16,824921	76,611593	76,614062	
0,000000	16,830665	75,758564	75,838814	1,401084E+7
1,000000E-5	16,834495	77,097393	77,157041	
0,000000	16,853643	76,957987	77,016206	1,401116E+7
1,000000E-5	16,863218	77,132322	77,139409	
0,000000	16,815347	78,791406	78,703448	1,401148E+7
1,000000E-5	16,805773	79,601255	79,631095	
0,000000	16,832580	77,518573	77,546931	1,401180E+7
1,000000E-5	16,834495	77,748591	77,725428	
0,000000	16,815347	77,027629	77,033783	1,401211E+7
1,000000E-5	16,815347	76,749788	76,840861	
0,000000	16,826836	76,370898	76,405850	1,401242E+7
1,000000E-5	16,824921	77,289880	77,351508	
0,000000	16,794284	77,855204	77,779134	1,401274E+7
1,000000E-5	16,788539	78,230626	78,211420	
0,000000	16,786624	77,944269	78,030727	1,401305E+7
1,000000E-5	16,780880	77,571535	77,618233	
0,000000	16,794284	78,248592	78,302076	1,401336E+7
1,000000E-5	16,796198	78,519069	78,502253	
0,000000	16,782795	77,944269	77,994688	1,401368E+7
1,000000E-5	16,775135	76,029552	76,164304	
0,000000	16,771306	76,388042	76,475133	1,401399E+7
1,000000E-5	16,765561	76,663360	76,736024	
0,000000	16,786624	77,766340	77,832912	1,401430E+7
1,000000E-5	16,782795	79,120704	79,090411	
0,000000	16,746413	76,871105	77,033783	1,401462E+7
1,000000E-5	16,752157	78,069295	78,120971	
0,000000	16,744498	77,377683	77,457983	1,401493E+7
1,000000E-5	16,750242	77,962105	77,994688	
0,000000	16,763646	78,664082	78,740139	1,401525E+7
1,000000E-5	16,763646	77,642263	77,707542	
0,000000	16,801943	78,573386	78,557023	1,401556E+7
1,000000E-5	16,798113	76,114615	76,129916	
0,000000	16,757902	77,518573	77,564745	1,401588E+7
1,000000E-5	16,761731	77,500934	77,546931	
0,000000	16,727264	78,087189	78,120971	1,401619E+7
1,000000E-5	16,729179	75,859969	75,941314	
0,000000	16,710031	76,819067	76,893384	1,401651E+7
1,000000E-5	16,713861	78,374585	78,356570	
0,000000	16,721520	79,956163	80,027299	1,401682E+7
1,000000E-5	16,725350	78,645926	78,520501	
0,000000	16,719605	76,491064	76,388548	1,401712E+7
1,000000E-5	16,731094	78,464825	78,411138	
0,000000	16,738753	78,266567	78,283928	1,401744E+7
1,000000E-5	16,742583	79,175855	79,201671	
0,000000	16,729179	77,254813	77,333789	1,401775E+7
1,000000E-5	16,729179	76,422353	76,475133	
0,000000	16,725350	79,526943	79,687452	1,401806E+7
1,000000E-5	16,729179	77,272342	77,280682	
0,000000	16,706201	77,571535	77,564745	1,401837E+7
1,000000E-5	16,710031	77,624569	77,671794	
0,000000	16,710031	76,114615	76,147106	1,401870E+7
1,000000E-5	16,713861	75,741688	75,787663	
0,000000	16,731094	77,713116	77,779134	1,401902E+7
1,000000E-5	16,727264	77,430458	77,422459	
0,000000	16,723435	78,140917	78,193313	1,401932E+7
1,000000E-5	16,719605	76,975386	77,051368	
0,000000	16,713861	77,784097	77,850855	1,401962E+7
1,000000E-5	16,719605	77,748591	77,779134	
0,000000	16,700457	78,266567	78,283928	1,401998E+7
1,000000E-5	16,704286	77,748591	77,797052	
0,000000	16,700457	76,594352	76,701140	1,402029E+7
1,000000E-5	16,696627	77,062496	77,016206	
0,000000	16,715775	75,674256	75,719563	1,402060E+7
1,000000E-5	16,719605	78,194718	78,247657	
0,000000	16,734924	78,664082	78,538758	1,402092E+7
1,000000E-5	16,725350	77,272342	77,280682	
0,000000	16,700457	76,905835	77,016206	1,402124E+7
1,000000E-5	16,704286	78,809628	78,905670	
0,000000	16,694712	79,378736	79,220245	1,402155E+7
1,000000E-5	16,698542	78,482898	78,411138	
0,000000	16,673649	78,194718	78,265789	1,402185E+7
1,000000E-5	16,675564	77,430458	77,511328	
0,000000	16,687053	77,553873	77,457983	1,402216E+7
1,000000E-5	16,692797	77,342538	77,333789	
0,000000	16,687053	77,254813	77,245317	1,402248E+7
1,000000E-5	16,687053	79,937404	79,913691	
0,000000	16,650671	78,176776	78,120971	1,402279E+7
1,000000E-5	16,650671	76,080568	76,061230	
0,000000	16,675564	76,491064	76,423160	1,402311E+7
1,000000E-5	16,683223	77,766340	77,850855	
0,000000	16,694712	77,010207	77,033783	1,402342E+7
1,000000E-5	16,694712	78,158843	78,211420	
0,000000	16,706201	77,890806	77,976680	1,402373E+7
1,000000E-5	16,706201	78,374585	78,465782	
0,000000	16,685138	77,801862	77,814978	1,402405E+7
1,000000E-5	16,688968	78,194718	78,193313	
0,000000	16,664075	77,624569	77,653933	1,402435E+7
1,000000E-5	16,664075	77,837416	77,886764	
0,000000	16,671734	77,027629	77,139409	1,402466E+7
1,000000E-5	16,675564	78,700418	78,685115	
0,000000	16,639182	77,713116	77,725428	1,402497E+7
1,000000E-5	16,650671	79,862456	80,027299	
0,000000	16,643012	78,410656	78,484013	1,402529E+7
1,000000E-5	16,641097	78,664082	78,611869	
0,000000	16,639182	77,659964	77,743322	1,402560E+7
1,000000E-5	16,643012	77,944269	77,976680	
0,000000	16,621949	77,713116	77,743322	1,402592E+7
1,000000E-5	16,621949	78,069295	78,120971	
0,000000	16,658330	76,992792	77,033783	1,402623E+7
1,000000E-5	16,664075	78,356561	78,392940	
0,000000	16,650671	77,272342	77,316079	1,402655E+7
1,000000E-5	16,643012	76,940595	76,998637	
0,000000	16,643012	78,176776	78,229535	1,402686E+7
1,000000E-5	16,641097	77,890806	77,814978	
0,000000	16,650671	78,974011	79,016411	1,402718E+7
1,000000E-5	16,652586	77,659964	77,743322	
0,000000	16,665990	79,415736	79,406465	1,402749E+7
1,000000E-5	16,665990	77,606883	77,653933	
0,000000	16,667905	77,412858	77,457983	1,402779E+7
1,000000E-5	16,673649	77,962105	78,012703	
0,000000	16,658330	79,157463	79,220245	1,402809E+7
1,000000E-5	16,658330	78,266567	78,175215	
0,000000	16,625778	80,087728	80,160256	1,402838E+7
1,000000E-5	16,635352	78,374585	78,356570	
0,000000	16,641097	76,767097	76,858361	1,402871E+7
1,000000E-5	16,648756	78,051410	78,084849	
0,000000	16,652586	76,439520	76,509820	1,402901E+7
1,000000E-5	16,658330	77,713116	77,725428	
0,000000	16,623863	77,412858	77,404710	1,402930E+7
1,000000E-5	16,631523	79,102338	79,238827	
0,000000	16,673649	76,388042	76,371254	1,402962E+7
1,000000E-5	16,681308	77,571535	77,564745	
0,000000	16,681308	77,184772	77,139409	1,402993E+7
1,000000E-5	16,685138	77,962105	78,048760	
0,000000	16,643012	79,397231	79,369151	1,403024E+7
1,000000E-5	16,643012	77,360107	77,404710	
0,000000	16,669819	77,695391	77,761224	1,403056E+7
1,000000E-5	16,669819	78,864347	78,813623	
0,000000	16,671734	78,122999	78,193313	1,403087E+7
1,000000E-5	16,673649	76,853751	76,805885	
0,000000	16,629608	78,446761	78,429344	1,403118E+7
1,000000E-5	16,625778	78,664082	78,666791	
0,000000	16,633438	78,410656	78,429344	1,403150E+7
1,000000E-5	16,627693	79,065631	79,090411	
0,000000	16,656416	75,657416	75,736577	1,403181E+7
1,000000E-5	16,660245	78,754986	78,758497	
0,000000	16,644927	77,132322	77,280682	1,403213E+7
1,000000E-5	16,650671	77,713116	77,707542	
0,000000	16,662160	77,855204	77,850855	1,403244E+7
1,000000E-5	16,660245	78,974011	79,071898	
0,000000	16,662160	77,873001	77,940689	1,403275E+7
1,000000E-5	16,665990	77,184772	77,174681	
0,000000	16,681308	78,176776	78,302076	1,403307E+7
1,000000E-5	16,681308	78,230626	78,265789	
0,000000	16,650671	77,659964	77,725428	1,403338E+7
1,000000E-5	16,654501	78,410656	78,338397	
0,000000	16,620034	77,677674	77,761224	1,403369E+7
1,000000E-5	16,627693	77,624569	77,636079	
0,000000	16,650671	77,873001	77,850855	1,403401E+7
1,000000E-5	16,652586	78,374585	78,392940	
0,000000	16,646841	77,855204	77,958680	1,403433E+7
1,000000E-5	16,654501	78,791406	78,795239	
0,000000	16,656416	77,659964	77,689664	1,403462E+7
1,000000E-5	16,652586	77,642263	77,725428	
0,000000	16,631523	77,324978	77,369234	1,403494E+7
1,000000E-5	16,629608	77,908619	77,904731	
0,000000	16,635352	77,801862	77,850855	1,403525E+7
1,000000E-5	16,633438	77,962105	77,976680	
0,000000	16,660245	77,855204	77,850855	1,403557E+7
1,000000E-5	16,667905	78,122999	78,193313	
0,000000	16,656416	77,289880	77,333789	1,403588E+7
1,000000E-5	16,658330	77,748591	77,653933	
0,000000	16,665990	78,645926	78,648475	1,403619E+7
1,000000E-5	16,673649	78,320539	78,302076	
0,000000	16,631523	80,314293	80,350976	1,403651E+7
1,000000E-5	16,625778	78,051410	78,120971	
0,000000	16,608545	78,664082	78,740139	1,403682E+7
1,000000E-5	16,612374	78,284549	78,302076	
0,000000	16,650671	77,324978	77,369234	1,403713E+7
1,000000E-5	16,662160	78,176776	78,175215	
0,000000	16,671734	77,589206	77,636079	1,403745E+7
1,000000E-5	16,673649	76,836405	76,963521	
0,000000	16,620034	78,464825	78,465782	1,403776E+7
1,000000E-5	16,623863	79,304841	79,350507	
0,000000	16,610460	77,395267	77,511328	1,403808E+7
1,000000E-5	16,631523	77,097393	77,209983	
0,000000	16,650671	76,871105	76,945975	1,403840E+7
1,000000E-5	16,656416	77,184772	77,262996	
0,000000	16,656416	80,771370	80,831855	1,403871E+7
1,000000E-5	16,650671	77,097393	77,104169	
0,000000	16,627693	78,555272	78,575297	1,403903E+7
1,000000E-5	16,631523	78,410656	78,447559	
0,000000	16,643012	76,525463	76,614062	1,403934E+7
1,000000E-5	16,641097	77,606883	77,689664	
0,000000	16,627693	79,360249	79,369151	1,403966E+7
1,000000E-5	16,625778	77,908619	77,904731	
0,000000	16,623863	79,212665	79,294628	1,403997E+7
1,000000E-5	16,623863	78,428704	78,411138	
0,000000	16,618119	77,944269	77,886764	1,404028E+7
1,000000E-5	16,612374	78,356561	78,356570	
0,000000	16,600885	78,087189	78,157126	1,404058E+7
1,000000E-5	16,600885	78,392616	78,320232	
0,000000	16,641097	78,302540	78,320232	1,404090E+7
1,000000E-5	16,643012	79,993708	79,989393	
0,000000	16,652586	78,519069	78,520501	1,404121E+7
1,000000E-5	16,648756	78,682246	78,666791	
0,000000	16,633438	79,249510	79,313245	1,404152E+7
1,000000E-5	16,639182	80,637507	80,600300	
0,000000	16,625778	78,482898	78,520501	1,404183E+7
1,000000E-5	16,620034	76,732488	76,788408	
0,000000	16,648756	77,237291	77,227646	1,404215E+7
1,000000E-5	16,654501	78,284549	78,338397	
0,000000	16,694712	78,537166	78,557023	1,404246E+7
1,000000E-5	16,687053	77,465680	77,457983	
0,000000	16,656416	78,338546	78,356570	1,404277E+7
1,000000E-5	16,654501	78,555272	78,538758	
0,000000	16,656416	76,473875	76,527175	1,404308E+7
1,000000E-5	16,658330	79,175855	79,183106	
0,000000	16,664075	75,978601	76,009793	1,404339E+7
1,000000E-5	16,673649	81,506106	81,515109	
0,000000	16,669819	77,926440	77,994688	1,404371E+7
1,000000E-5	16,671734	79,825036	79,875894	
0,000000	16,637267	77,784097	77,779134	1,404402E+7
1,000000E-5	16,644927	78,374585	78,338397	
0,000000	16,608545	76,697909	76,788408	1,404433E+7
1,000000E-5	16,614289	78,609640	78,630168	
0,000000	16,635352	77,997803	78,030727	1,404465E+7
1,000000E-5	16,641097	78,320539	78,356570	
0,000000	16,633438	76,975386	76,963521	1,404496E+7
1,000000E-5	16,639182	79,194256	79,183106	
0,000000	16,662160	77,837416	77,832912	1,404529E+7
1,000000E-5	16,665990	78,410656	78,429344	
0,000000	16,643012	77,748591	77,779134	1,404560E+7
1,000000E-5	16,650671	78,682246	78,721789	
0,000000	16,658330	77,167281	77,174681	1,404590E+7
1,000000E-5	16,664075	79,471300	79,556076	
0,000000	16,635352	78,864347	78,887244	1,404622E+7
1,000000E-5	16,635352	77,624569	77,725428	
0,000000	16,621949	78,955712	78,942549	1,404654E+7
1,000000E-5	16,623863	77,908619	77,940689	
0,000000	16,683223	78,392616	78,429344	1,404686E+7
1,000000E-5	16,690883	78,974011	78,979463	
0,000000	16,662160	80,352181	80,331863	1,404717E+7
1,000000E-5	16,656416	76,888466	76,875868	
0,000000	16,669819	79,028957	79,127463	1,404749E+7
1,000000E-5	16,671734	79,397231	79,406465	
0,000000	16,650671	78,105090	78,139044	1,404780E+7
1,000000E-5	16,646841	78,194718	78,356570	
0,000000	16,654501	77,997803	78,120971	1,404811E+7
1,000000E-5	16,656416	77,395267	77,386968	
0,000000	16,639182	79,825036	79,857010	1,404843E+7
1,000000E-5	16,643012	77,553873	77,653933	
0,000000	16,662160	77,062496	77,121785	1,404874E+7
1,000000E-5	16,664075	78,105090	78,066800	
0,000000	16,641097	75,006121	75,044876	1,404906E+7
1,000000E-5	16,656416	79,212665	79,276019	
0,000000	16,662160	77,149797	77,086561	1,404937E+7
1,000000E-5	16,677479	80,523129	80,561840	
0,000000	16,648756	78,682246	78,685115	1,404968E+7
1,000000E-5	16,650671	77,114854	77,192328	
0,000000	16,675564	79,471300	79,462503	1,405000E+7
1,000000E-5	16,681308	79,102338	79,108932	
0,000000	16,687053	79,434248	79,406465	1,405031E+7
1,000000E-5	16,687053	78,194718	78,211420	
0,000000	16,644927	74,741962	74,861315	1,405062E+7
1,000000E-5	16,658330	79,694343	79,706256	
0,000000	16,658330	78,410656	78,392940	1,405093E+7
1,000000E-5	16,660245	78,609640	78,611869	
0,000000	16,692797	78,609640	78,666791	1,405125E+7
1,000000E-5	16,706201	80,809700	80,793168	
0,000000	16,692797	79,047290	79,108932	1,405157E+7
1,000000E-5	16,694712	79,065631	79,071898	
0,000000	16,692797	78,428704	78,429344	1,405188E+7
1,000000E-5	16,687053	81,001913	81,064779	
0,000000	16,711946	78,773191	78,887244	1,405219E+7
1,000000E-5	16,710031	79,471300	79,518620	
0,000000	16,633438	79,120704	79,108932	1,405251E+7
1,000000E-5	16,635352	77,571535	77,653933	
0,000000	16,660245	77,395267	77,440217	1,405282E+7
1,000000E-5	16,658330	78,500979	78,520501	
0,000000	16,687053	79,545508	79,612327	1,405313E+7
1,000000E-5	16,690883	78,519069	78,465782	
0,000000	16,669819	80,125398	80,255501	1,405345E+7
1,000000E-5	16,671734	77,324978	77,369234	
0,000000	16,673649	80,371139	80,389231	1,405376E+7
1,000000E-5	16,671734	78,864347	78,905670	
0,000000	16,673649	78,664082	78,721789	1,405407E+7
1,000000E-5	16,671734	78,194718	78,157126	
0,000000	16,665990	76,388042	76,405850	1,405438E+7
1,000000E-5	16,671734	80,867265	80,831855	
0,000000	16,660245	79,231083	79,294628	1,405471E+7
1,000000E-5	16,660245	78,736788	78,868826	
0,000000	16,690883	79,065631	78,997933	1,405503E+7
1,000000E-5	16,685138	77,926440	77,940689	
0,000000	16,713861	77,819635	77,832912	1,405534E+7
1,000000E-5	16,717690	80,828879	80,831855	
0,000000	16,658330	78,609640	78,648475	1,405566E+7
1,000000E-5	16,662160	78,882603	78,905670	
0,000000	16,708116	77,430458	77,440217	1,405597E+7
1,000000E-5	16,710031	78,609640	78,557023	
0,000000	16,696627	79,452770	79,443815	1,405629E+7
1,000000E-5	16,690883	77,855204	77,868805	
0,000000	16,641097	79,341771	79,387803	1,405660E+7
1,000000E-5	16,643012	78,500979	78,575297	
0,000000	16,692797	78,356561	78,374751	1,405691E+7
1,000000E-5	16,692797	78,284549	78,374751	
0,000000	16,687053	78,105090	78,102906	1,405722E+7
1,000000E-5	16,692797	78,864347	78,868826	
0,000000	16,675564	78,537166	78,575297	1,405754E+7
1,000000E-5	16,671734	78,645926	78,648475	
0,000000	16,679394	78,682246	78,740139	1,405784E+7
1,000000E-5	16,683223	78,846099	78,887244	
0,000000	16,673649	78,500979	78,520501	1,405815E+7
1,000000E-5	16,677479	78,754986	78,758497	
0,000000	16,715775	78,627779	78,703448	1,405847E+7
1,000000E-5	16,721520	79,731640	79,781561	
0,000000	16,706201	78,410656	78,465782	1,405880E+7
1,000000E-5	16,708116	81,098373	81,123227	
0,000000	16,662160	78,700418	78,758497	1,405912E+7
1,000000E-5	16,662160	78,033533	78,102906	
0,000000	16,652586	78,864347	78,905670	1,405943E+7
1,000000E-5	16,656416	79,231083	79,220245	
0,000000	16,708116	78,955712	78,979463	1,405974E+7
1,000000E-5	16,708116	78,664082	78,630168	
0,000000	16,690883	80,485076	80,561840	1,406006E+7
1,000000E-5	16,685138	78,937422	79,034898	
0,000000	16,637267	79,028957	79,146002	1,406037E+7
1,000000E-5	16,639182	78,882603	78,905670	
0,000000	16,694712	79,047290	79,127463	1,406068E+7
1,000000E-5	16,688968	77,045058	77,086561	
0,000000	16,685138	78,664082	78,740139	1,406099E+7
1,000000E-5	16,681308	78,302540	78,320232	
0,000000	16,694712	79,286388	79,294628	1,406131E+7
1,000000E-5	16,700457	79,582664	79,518620	
0,000000	16,673649	78,266567	78,283928	1,406162E+7
1,000000E-5	16,679394	79,806339	79,838134	
0,000000	16,667905	80,675707	80,793168	1,406193E+7
1,000000E-5	16,662160	77,045058	77,051368	
0,000000	16,706201	78,937422	78,979463	1,406224E+7
1,000000E-5	16,706201	77,465680	77,511328	
0,000000	16,669819	82,896607	82,714766	1,406255E+7
1,000000E-5	16,658330	78,736788	78,758497	
0,000000	16,696627	79,341771	79,425135	1,406287E+7
1,000000E-5	16,690883	78,609640	78,630168	
0,000000	16,683223	78,176776	78,283928	1,406319E+7
1,000000E-5	16,679394	79,047290	79,071898	
0,000000	16,702372	79,712987	79,668657	1,406351E+7
1,000000E-5	16,711946	78,992318	79,034898	
0,000000	16,677479	79,212665	79,220245	1,406382E+7
1,000000E-5	16,677479	77,184772	77,262996	
0,000000	16,641097	78,609640	78,630168	1,406413E+7
1,000000E-5	16,654501	80,733077	80,715908	
0,000000	16,690883	77,536219	77,564745	1,406444E+7
1,000000E-5	16,687053	77,962105	78,012703	
0,000000	16,687053	78,754986	78,832015	1,406475E+7
1,000000E-5	16,696627	79,304841	79,257419	
0,000000	16,706201	78,773191	78,832015	1,406507E+7
1,000000E-5	16,711946	78,700418	78,721789	
0,000000	16,729179	79,083980	79,201671	1,406538E+7
1,000000E-5	16,733009	78,609640	78,703448	
0,000000	16,685138	79,286388	79,331872	1,406569E+7
1,000000E-5	16,679394	78,773191	78,758497	
0,000000	16,681308	79,157463	79,201671	1,406601E+7
1,000000E-5	16,675564	78,015664	78,066800	
0,000000	16,681308	79,843742	79,951524	1,406632E+7
1,000000E-5	16,681308	79,157463	79,257419	
0,000000	16,690883	79,102338	79,164549	1,406662E+7
1,000000E-5	16,700457	78,609640	78,593578	
0,000000	16,696627	78,791406	78,905670	1,406694E+7
1,000000E-5	16,702372	82,155497	82,130355	
0,000000	16,719605	79,526943	79,612327	1,406725E+7
1,000000E-5	16,715775	78,955712	78,961002	
0,000000	16,813432	78,992318	79,016411	1,406757E+7
1,000000E-5	16,817262	78,827859	78,813623	
0,000000	16,823006	79,545508	79,631095	1,406788E+7
1,000000E-5	16,823006	79,471300	79,481200	
0,000000	16,834495	79,545508	79,518620	1,406819E+7
1,000000E-5	16,830665	78,591509	78,557023	
0,000000	16,819176	78,284549	78,338397	1,406850E+7
1,000000E-5	16,819176	78,937422	78,979463	
0,000000	16,706201	80,409081	80,446684	1,406882E+7
1,000000E-5	16,706201	78,900867	78,850416	
0,000000	16,727264	78,992318	79,071898	1,406913E+7
1,000000E-5	16,727264	78,573386	78,557023	
0,000000	16,713861	78,718599	78,758497	1,406943E+7
1,000000E-5	16,721520	80,580276	80,523417	
0,000000	16,706201	77,855204	77,886764	1,406975E+7
1,000000E-5	16,702372	79,956163	80,027299	
0,000000	16,733009	79,139080	79,183106	1,407006E+7
1,000000E-5	16,733009	79,956163	79,894788	
0,000000	16,734924	79,731640	79,762721	1,407036E+7
1,000000E-5	16,738753	79,139080	79,146002	
0,000000	16,706201	78,900867	78,887244	1,407068E+7
1,000000E-5	16,704286	78,937422	78,979463	
0,000000	16,740668	78,338546	78,411138	1,407099E+7
1,000000E-5	16,736839	78,158843	78,139044	
0,000000	16,733009	79,194256	79,350507	1,407131E+7
1,000000E-5	16,742583	79,434248	79,462503	
0,000000	16,710031	79,139080	79,220245	1,407162E+7
1,000000E-5	16,713861	79,047290	79,053394	
0,000000	16,688968	79,526943	79,537344	1,407194E+7
1,000000E-5	16,685138	78,919141	78,942549	
0,000000	16,750242	79,304841	79,350507	1,407228E+7
1,000000E-5	16,748328	79,194256	79,183106	
0,000000	16,740668	77,571535	77,689664	1,407259E+7
1,000000E-5	16,744498	79,657082	79,649871	
0,000000	16,708116	78,682246	78,648475	1,407290E+7
1,000000E-5	16,711946	79,065631	79,071898	
0,000000	16,725350	78,900867	78,961002	1,407322E+7
1,000000E-5	16,727264	80,125398	80,160256	
0,000000	16,710031	78,410656	78,502253	1,407352E+7
1,000000E-5	16,708116	80,276442	80,274577	
0,000000	16,702372	75,439136	75,465219	1,407381E+7
1,000000E-5	16,710031	79,601255	79,668657	
0,000000	16,759817	80,125398	80,103219	1,407411E+7
1,000000E-5	16,761731	78,105090	78,157126	
0,000000	16,767476	79,083980	79,090411	1,407443E+7
1,000000E-5	16,765561	78,900867	78,942549	
0,000000	16,750242	79,047290	79,053394	1,407474E+7
1,000000E-5	16,754072	78,700418	78,685115	
0,000000	16,755987	78,919141	78,997933	1,407505E+7
1,000000E-5	16,752157	79,286388	79,238827	
0,000000	16,719605	79,102338	79,071898	1,407537E+7
1,000000E-5	16,719605	79,065631	79,090411	
0,000000	16,754072	80,447060	80,331863	1,407568E+7
1,000000E-5	16,742583	78,609640	78,593578	
0,000000	16,723435	78,105090	78,084849	1,407598E+7
1,000000E-5	16,719605	79,397231	79,462503	
0,000000	16,706201	78,736788	78,832015	1,407630E+7
1,000000E-5	16,719605	79,286388	79,313245	
0,000000	16,711946	79,120704	79,201671	1,407661E+7
1,000000E-5	16,713861	79,806339	79,819267	
0,000000	16,694712	78,051410	78,084849	1,407693E+7
1,000000E-5	16,708116	79,028957	79,183106	
0,000000	16,729179	78,230626	78,265789	1,407723E+7
1,000000E-5	16,729179	78,791406	78,850416	
0,000000	16,754072	79,212665	79,220245	1,407754E+7
1,000000E-5	16,750242	79,194256	79,313245	
0,000000	16,740668	77,606883	77,582566	1,407785E+7
1,000000E-5	16,750242	79,212665	79,164549	
0,000000	16,700457	78,846099	78,868826	1,407817E+7
1,000000E-5	16,704286	79,750301	79,743890	
0,000000	16,740668	78,087189	78,157126	1,407848E+7
1,000000E-5	16,734924	76,992792	77,016206	
0,000000	16,688968	78,645926	78,721789	1,407880E+7
1,000000E-5	16,690883	80,200848	80,198326	
0,000000	16,734924	79,526943	79,574817	1,407913E+7
1,000000E-5	16,719605	78,573386	78,520501	
0,000000	16,696627	79,750301	79,706256	1,407944E+7
1,000000E-5	16,704286	77,062496	77,104169	
0,000000	16,727264	80,106558	80,160256	1,407974E+7
1,000000E-5	16,727264	78,374585	78,429344	
0,000000	16,733009	78,356561	78,374751	1,408006E+7
1,000000E-5	16,744498	79,028957	79,053394	
0,000000	16,717690	78,937422	78,961002	1,408037E+7
1,000000E-5	16,721520	79,102338	79,108932	
0,000000	16,746413	80,238627	80,236433	1,408070E+7
1,000000E-5	16,740668	79,304841	79,350507	
0,000000	16,750242	78,392616	78,447559	1,408102E+7
1,000000E-5	16,750242	81,760647	81,752127	
0,000000	16,694712	78,573386	78,666791	1,408134E+7
1,000000E-5	16,704286	79,825036	79,781561	
0,000000	16,746413	78,992318	79,034898	1,408165E+7
1,000000E-5	16,748328	79,768972	79,743890	
0,000000	16,780880	78,627779	78,648475	1,408196E+7
1,000000E-5	16,782795	79,341771	79,387803	
0,000000	16,794284	80,333233	80,312758	1,408228E+7
1,000000E-5	16,801943	79,452770	79,462503	
0,000000	16,813432	80,125398	80,160256	1,408258E+7
1,000000E-5	16,807687	77,908619	77,868805	
0,000000	16,886196	78,882603	78,942549	1,408290E+7
1,000000E-5	16,891940	76,975386	77,051368	
0,000000	16,847899	78,827859	78,776864	1,408321E+7
1,000000E-5	16,847899	78,555272	78,557023	
0,000000	16,807687	78,700418	78,648475	1,408352E+7
1,000000E-5	16,805773	78,087189	78,193313	
0,000000	16,759817	79,397231	79,443815	1,408384E+7
1,000000E-5	16,759817	79,341771	79,313245	
0,000000	16,865132	77,307425	77,139409	1,408415E+7
1,000000E-5	16,865132	81,506106	81,495422	
0,000000	16,911088	78,718599	78,758497	1,408446E+7
1,000000E-5	16,905344	78,773191	78,758497	
0,000000	16,890025	79,806339	79,819267	1,408478E+7
1,000000E-5	16,891940	77,730850	77,850855	
0,000000	16,855558	77,926440	77,958680	1,408510E+7
1,000000E-5	16,861303	80,352181	80,350976	
0,000000	16,815347	78,302540	78,302076	1,408543E+7
1,000000E-5	16,819176	78,392616	78,411138	
0,000000	16,849814	78,846099	78,832015	1,408575E+7
1,000000E-5	16,851729	78,410656	78,429344	
0,000000	16,880451	78,555272	78,611869	1,408606E+7
1,000000E-5	16,874707	78,882603	78,997933	
0,000000	16,878536	80,276442	80,370099	1,408637E+7
1,000000E-5	16,868962	79,139080	79,108932	
0,000000	16,821091	79,452770	79,462503	1,408669E+7
1,000000E-5	16,823006	79,175855	79,127463	
0,000000	16,813432	79,881180	79,894788	1,408700E+7
1,000000E-5	16,817262	79,212665	79,220245	
0,000000	16,867047	79,397231	79,387803	1,408731E+7
1,000000E-5	16,867047	79,120704	79,164549	
0,000000	16,842154	77,873001	77,940689	1,408763E+7
1,000000E-5	16,849814	78,937422	78,905670	
0,000000	16,876621	78,302540	78,302076	1,408794E+7
1,000000E-5	16,880451	80,238627	80,312758	
0,000000	16,847899	78,974011	79,071898	1,408826E+7
1,000000E-5	16,851729	79,360249	79,350507	
0,000000	16,853643	78,791406	78,887244	1,408857E+7
1,000000E-5	16,845984	78,519069	78,484013	
0,000000	16,838325	78,338546	78,338397	1,408889E+7
1,000000E-5	16,840240	79,434248	79,350507	
0,000000	16,828751	80,905689	80,870580	1,408922E+7
1,000000E-5	16,823006	78,882603	79,034898	
0,000000	16,874707	79,601255	79,631095	1,408953E+7
1,000000E-5	16,872792	78,773191	78,740139	
0,000000	16,803858	79,601255	79,649871	1,408985E+7
1,000000E-5	16,813432	77,167281	77,192328	
0,000000	16,830665	78,248592	78,247657	1,409016E+7
1,000000E-5	16,830665	77,677674	77,814978	
0,000000	16,817262	78,212668	78,247657	1,409047E+7
1,000000E-5	16,815347	79,157463	79,127463	
0,000000	16,830665	78,410656	78,465782	1,409079E+7
1,000000E-5	16,840240	79,397231	79,481200	
0,000000	16,828751	79,267945	79,276019	1,409110E+7
1,000000E-5	16,826836	78,105090	78,139044	
0,000000	16,803858	79,582664	79,537344	1,409141E+7
1,000000E-5	16,807687	78,992318	79,034898	
0,000000	16,830665	79,397231	79,518620	1,409173E+7
1,000000E-5	16,838325	81,272598	81,279511	
0,000000	16,847899	78,864347	78,905670	1,409204E+7
1,000000E-5	16,844069	78,392616	78,429344	
0,000000	16,796198	80,599344	80,715908	1,409235E+7
1,000000E-5	16,798113	79,508386	79,518620	
0,000000	16,830665	78,158843	78,247657	1,409267E+7
1,000000E-5	16,838325	80,144247	80,160256	
0,000000	16,803858	77,908619	77,976680	1,409298E+7
1,000000E-5	16,803858	78,230626	78,265789	
0,000000	16,805773	77,962105	78,048760	1,409328E+7
1,000000E-5	16,813432	79,323301	79,313245	
0,000000	16,782795	79,619855	79,725069	1,409359E+7
1,000000E-5	16,780880	78,900867	78,942549	
0,000000	16,767476	78,482898	78,484013	1,409390E+7
1,000000E-5	16,775135	80,219733	80,236433	
0,000000	16,721520	78,609640	78,557023	1,409422E+7
1,000000E-5	16,733009	80,125398	80,236433	
0,000000	16,729179	77,926440	77,958680	1,409453E+7
1,000000E-5	16,740668	78,464825	78,429344	
0,000000	16,769391	78,374585	78,411138	1,409485E+7
1,000000E-5	16,773220	79,267945	79,313245	
0,000000	16,710031	78,356561	78,338397	1,409516E+7
1,000000E-5	16,717690	77,289880	77,333789	
0,000000	16,754072	78,015664	78,066800	1,409547E+7
1,000000E-5	16,761731	77,979950	78,102906	
0,000000	16,694712	76,732488	76,823369	1,409579E+7
1,000000E-5	16,706201	78,773191	78,740139	
0,000000	16,683223	78,736788	78,758497	1,409610E+7
1,000000E-5	16,683223	77,873001	77,904731	
0,000000	16,667905	77,766340	77,850855	1,409641E+7
1,000000E-5	16,677479	80,580276	80,561840	
0,000000	16,692797	77,027629	77,068961	1,409671E+7
1,000000E-5	16,704286	80,485076	80,542624	
0,000000	16,665990	77,730850	77,797052	1,409703E+7
1,000000E-5	16,664075	78,392616	78,411138	
0,000000	16,660245	77,748591	77,797052	1,409735E+7
1,000000E-5	16,658330	78,718599	78,758497	
0,000000	16,646841	78,700418	78,776864	1,409766E+7
1,000000E-5	16,644927	78,645926	78,685115	
0,000000	16,598970	78,482898	78,593578	1,409796E+7
1,000000E-5	16,602800	79,194256	79,183106	
0,000000	16,589396	79,120704	79,164549	1,409829E+7
1,000000E-5	16,595141	77,944269	77,886764	
0,000000	16,620034	77,624569	77,671794	1,409861E+7
1,000000E-5	16,623863	80,181972	80,141235	
0,000000	16,572163	76,353761	76,492473	1,409896E+7
1,000000E-5	16,570248	78,864347	78,850416	
0,000000	16,574078	80,219733	80,122223	1,409928E+7
1,000000E-5	16,574078	78,809628	78,813623	
0,000000	16,564503	78,955712	78,924106	1,409959E+7
1,000000E-5	16,560674	78,105090	78,012703	
0,000000	16,530036	77,483303	77,475757	1,409990E+7
1,000000E-5	16,526207	78,718599	78,776864	
0,000000	16,507058	77,184772	77,262996	1,410022E+7
1,000000E-5	16,503229	77,873001	77,850855	
0,000000	16,553014	77,184772	77,262996	1,410053E+7
1,000000E-5	16,556844	78,176776	78,229535	
0,000000	16,533866	78,356561	78,374751	1,410084E+7
1,000000E-5	16,530036	77,713116	77,743322	
0,000000	16,485995	79,047290	79,016411	1,410116E+7
1,000000E-5	16,489825	80,219733	80,236433	
0,000000	16,495569	77,908619	78,066800	1,410147E+7
1,000000E-5	16,503229	78,176776	78,175215	
0,000000	16,493655	79,694343	79,687452	1,410177E+7
1,000000E-5	16,491740	77,642263	77,725428	
0,000000	16,451528	74,807838	74,978029	1,410208E+7
1,000000E-5	16,468762	78,555272	78,557023	
0,000000	16,493655	77,979950	77,958680	1,410240E+7
1,000000E-5	16,493655	77,518573	77,529126	
0,000000	16,463017	77,342538	77,404710	1,410271E+7
1,000000E-5	16,466847	77,624569	77,707542	
0,000000	16,441954	78,573386	78,630168	1,410303E+7
1,000000E-5	16,443869	78,158843	78,193313	
0,000000	16,436210	76,422353	76,475133	1,410333E+7
1,000000E-5	16,451528	79,937404	79,989393	
0,000000	16,438124	78,500979	78,502253	1,410362E+7
1,000000E-5	16,440039	77,219777	77,227646	
0,000000	16,447699	78,754986	78,666791	1,410392E+7
1,000000E-5	16,447699	77,184772	77,192328	
0,000000	16,405572	78,937422	79,016411	1,410423E+7
1,000000E-5	16,405572	78,015664	78,048760	
0,000000	16,420891	77,624569	77,671794	1,410455E+7
1,000000E-5	16,428550	77,114854	77,139409	
0,000000	16,422806	78,846099	78,961002	1,410487E+7
1,000000E-5	16,418976	77,184772	77,121785	
0,000000	16,407487	79,825036	79,762721	1,410518E+7
1,000000E-5	16,403657	78,627779	78,666791	
0,000000	16,424721	77,483303	77,582566	1,410549E+7
1,000000E-5	16,422806	77,536219	77,564745	
0,000000	16,395998	74,202570	74,315626	1,410579E+7
1,000000E-5	16,411317	78,194718	78,175215	
0,000000	16,432380	78,087189	78,084849	1,410609E+7
1,000000E-5	16,441954	78,537166	78,538758	
0,000000	16,418976	77,890806	77,886764	1,410641E+7
1,000000E-5	16,424721	77,713116	77,761224	
0,000000	16,382594	77,624569	77,707542	1,410673E+7
1,000000E-5	16,380679	77,624569	77,636079	
0,000000	16,395998	77,483303	77,475757	1,410705E+7
1,000000E-5	16,395998	77,908619	77,922706	
0,000000	16,405572	78,158843	78,193313	1,410737E+7
1,000000E-5	16,426635	80,144247	80,198326	
0,000000	16,422806	77,819635	77,779134	1,410767E+7
1,000000E-5	16,415146	76,336632	76,388548	
0,000000	16,371105	77,748591	77,779134	1,410798E+7
1,000000E-5	16,376850	78,015664	78,012703	
0,000000	16,397913	78,122999	78,193313	1,410830E+7
1,000000E-5	16,395998	79,231083	79,276019	
0,000000	16,380679	76,819067	76,875868	1,410861E+7
1,000000E-5	16,388339	79,267945	79,313245	
0,000000	16,361531	77,219777	77,280682	1,410892E+7
1,000000E-5	16,363446	76,029552	76,095559	
0,000000	16,369190	77,272342	77,386968	1,410924E+7
1,000000E-5	16,369190	77,377683	77,369234	
0,000000	16,403657	77,360107	77,440217	1,410956E+7
1,000000E-5	16,413232	79,249510	79,276019	
0,000000	16,350042	77,962105	78,066800	1,410987E+7
1,000000E-5	16,350042	77,944269	77,994688	
0,000000	16,397913	78,392616	78,392940	1,411019E+7
1,000000E-5	16,401743	76,853751	76,893384	
0,000000	16,369190	77,184772	77,157041	1,411051E+7
1,000000E-5	16,371105	77,324978	77,333789	
0,000000	16,395998	77,377683	77,422459	1,411082E+7
1,000000E-5	16,388339	78,773191	78,868826	
0,000000	16,365361	79,065631	79,183106	1,411114E+7
1,000000E-5	16,367276	76,749788	76,788408	
0,000000	16,390254	77,412858	77,440217	1,411145E+7
1,000000E-5	16,386424	76,715194	76,701140	
0,000000	16,392168	77,606883	77,636079	1,411176E+7
1,000000E-5	16,390254	77,324978	77,369234	
0,000000	16,378765	78,627779	78,520501	1,411207E+7
1,000000E-5	16,376850	77,324978	77,351508	
0,000000	16,418976	76,577118	76,718578	1,411240E+7
1,000000E-5	16,422806	77,395267	77,298377	
0,000000	16,417061	77,518573	77,618233	1,411272E+7
1,000000E-5	16,422806	77,536219	77,582566	
0,000000	16,411317	77,571535	77,511328	1,411303E+7
1,000000E-5	16,409402	77,748591	77,814978	
0,000000	16,466847	77,748591	77,743322	1,411334E+7
1,000000E-5	16,472591	77,395267	77,351508	
0,000000	16,395998	76,473875	76,544537	1,411366E+7
1,000000E-5	16,397913	77,395267	77,457983	
0,000000	16,480251	75,775447	75,838814	1,411398E+7
1,000000E-5	16,487910	78,105090	78,084849	
0,000000	16,399828	77,624569	77,653933	1,411429E+7
1,000000E-5	16,401743	76,594352	76,683709	
0,000000	16,530036	78,446761	78,484013	1,411459E+7
1,000000E-5	16,526207	75,255365	75,397666	
0,000000	16,470677	77,500934	77,493538	1,411492E+7
1,000000E-5	16,472591	77,695391	77,689664	
0,000000	16,566418	77,748591	77,725428	1,411524E+7
1,000000E-5	16,572163	78,194718	78,211420	
0,000000	16,528122	77,855204	77,850855	1,411555E+7
1,000000E-5	16,531951	76,957987	76,928437	
0,000000	16,526207	75,657416	75,770627	1,411586E+7
1,000000E-5	16,533866	77,642263	77,689664	
0,000000	16,526207	77,448065	77,475757	1,411617E+7
1,000000E-5	16,537696	79,323301	79,313245	
0,000000	16,531951	77,307425	77,333789	1,411649E+7
1,000000E-5	16,524292	77,801862	77,725428	
0,000000	16,505144	78,140917	78,157126	1,411680E+7
1,000000E-5	16,508973	78,591509	78,575297	
0,000000	16,482166	75,122242	75,178905	1,411712E+7
1,000000E-5	16,495569	77,606883	77,600396	
0,000000	16,541525	78,015664	78,030727	1,411743E+7
1,000000E-5	16,537696	78,033533	78,012703	
0,000000	16,516633	77,837416	77,850855	1,411774E+7
1,000000E-5	16,512803	76,542674	76,561907	
0,000000	16,575992	78,374585	78,320232	1,411806E+7
1,000000E-5	16,575992	76,251094	76,336687	
0,000000	16,545355	80,050093	80,084226	1,411837E+7
1,000000E-5	16,541525	77,448065	77,493538	
0,000000	16,574078	77,360107	77,369234	1,411869E+7
1,000000E-5	16,581737	77,659964	77,653933	
0,000000	16,553014	77,713116	77,707542	1,411900E+7
1,000000E-5	16,554929	78,015664	78,102906	
0,000000	16,520462	77,962105	77,940689	1,411931E+7
1,000000E-5	16,522377	77,132322	77,192328	
0,000000	16,566418	77,254813	77,298377	1,411963E+7
1,000000E-5	16,574078	77,659964	77,689664	
0,000000	16,512803	79,139080	79,164549	1,411994E+7
1,000000E-5	16,501314	74,774886	74,811398	
0,000000	16,551100	75,978601	76,026932	1,412024E+7
1,000000E-5	16,549185	77,659964	77,689664	
0,000000	16,524292	78,105090	78,229535	1,412055E+7
1,000000E-5	16,528122	78,140917	78,102906	
0,000000	16,528122	77,873001	77,922706	1,412086E+7
1,000000E-5	16,528122	77,855204	77,743322	
0,000000	16,533866	78,955712	78,905670	1,412117E+7
1,000000E-5	16,531951	77,695391	77,689664	
0,000000	16,501314	77,890806	77,868805	1,412149E+7
1,000000E-5	16,489825	77,219777	77,157041	
0,000000	16,553014	78,033533	78,211420	1,412180E+7
1,000000E-5	16,549185	77,624569	77,582566	
0,000000	16,537696	78,410656	78,411138	1,412211E+7
1,000000E-5	16,553014	80,238627	80,179287	
0,000000	16,485995	76,628841	76,718578	1,412243E+7
1,000000E-5	16,487910	76,801736	76,840861	
0,000000	16,516633	77,589206	77,653933	1,412275E+7
1,000000E-5	16,522377	78,664082	78,648475	
0,000000	16,501314	77,677674	77,779134	1,412306E+7
1,000000E-5	16,512803	79,601255	79,481200	
0,000000	16,495569	78,015664	78,084849	1,412337E+7
1,000000E-5	16,491740	77,184772	77,192328	
0,000000	16,522377	75,792337	75,907118	1,412368E+7
1,000000E-5	16,530036	77,766340	77,868805	
0,000000	16,531951	77,873001	77,976680	1,412401E+7
1,000000E-5	16,531951	77,536219	77,546931	
0,000000	16,512803	77,027629	77,086561	1,412433E+7
1,000000E-5	16,518547	79,378736	79,387803	
0,000000	16,537696	78,627779	78,611869	1,412464E+7
1,000000E-5	16,543440	78,302540	78,429344	
0,000000	16,566418	79,508386	79,556076	1,412495E+7
1,000000E-5	16,572163	78,051410	78,066800	
0,000000	16,533866	78,428704	78,429344	1,412527E+7
1,000000E-5	16,531951	77,167281	77,262996	
0,000000	16,587481	76,165740	76,164304	1,412560E+7
1,000000E-5	16,587481	79,731640	79,706256	
0,000000	16,528122	76,957987	76,928437	1,412591E+7
1,000000E-5	16,531951	77,412858	77,440217	
0,000000	16,581737	76,836405	76,875868	1,412622E+7
1,000000E-5	16,579822	77,553873	77,511328	
0,000000	16,579822	78,718599	78,813623	1,412654E+7
1,000000E-5	16,579822	77,536219	77,511328	
0,000000	16,533866	76,439520	76,457801	1,412685E+7
1,000000E-5	16,537696	78,069295	78,048760	
0,000000	16,577907	77,483303	77,618233	1,412715E+7
1,000000E-5	16,581737	77,536219	77,546931	
0,000000	16,566418	74,463187	74,496698	1,412746E+7
1,000000E-5	16,574078	76,063556	76,129916	
0,000000	16,575992	77,677674	77,707542	1,412776E+7
1,000000E-5	16,577907	77,500934	77,529126	
0,000000	16,587481	77,642263	77,761224	1,412807E+7
1,000000E-5	16,595141	79,787651	79,800409	
0,000000	16,556844	76,923211	76,928437	1,412839E+7
1,000000E-5	16,562589	77,766340	77,636079	
0,000000	16,554929	76,114615	76,044077	1,412870E+7
1,000000E-5	16,549185	78,069295	78,157126	
0,000000	16,572163	77,997803	78,120971	1,412901E+7
1,000000E-5	16,568333	76,784413	76,805885	
0,000000	16,570248	76,853751	76,770939	1,412933E+7
1,000000E-5	16,570248	77,079941	77,086561	
0,000000	16,577907	77,254813	77,262996	1,412964E+7
1,000000E-5	16,581737	76,663360	76,666286	
0,000000	16,564503	78,809628	78,868826	1,412996E+7
1,000000E-5	16,562589	76,405194	76,440477	
0,000000	16,618119	78,864347	78,942549	1,413027E+7
1,000000E-5	16,618119	77,784097	77,779134	
0,000000	16,568333	76,697909	76,788408	1,413059E+7
1,000000E-5	16,570248	77,713116	77,725428	
0,000000	16,593226	77,819635	77,832912	1,413090E+7
1,000000E-5	16,589396	77,430458	77,422459	
0,000000	16,575992	77,412858	77,369234	1,413121E+7
1,000000E-5	16,562589	77,289880	77,404710	
0,000000	16,547270	76,646097	76,666286	1,413152E+7
1,000000E-5	16,554929	77,589206	77,671794	
0,000000	16,579822	77,114854	77,139409	1,413183E+7
1,000000E-5	16,583652	77,890806	77,886764	
0,000000	16,566418	76,422353	76,492473	1,413215E+7
1,000000E-5	16,572163	77,766340	77,779134	
0,000000	16,598970	77,944269	77,994688	1,413247E+7
1,000000E-5	16,598970	77,272342	77,316079	
0,000000	16,583652	78,392616	78,484013	1,413278E+7
1,000000E-5	16,585567	76,063556	76,061230	
0,000000	16,568333	77,307425	77,404710	1,413310E+7
1,000000E-5	16,560674	77,184772	77,209983	
0,000000	16,535781	76,046550	76,095559	1,413341E+7
1,000000E-5	16,543440	78,410656	78,320232	
0,000000	16,591311	76,577118	76,666286	1,413372E+7
1,000000E-5	16,587481	77,962105	77,976680	
0,000000	16,554929	76,888466	77,016206	1,413403E+7
1,000000E-5	16,560674	77,518573	77,529126	
0,000000	16,579822	76,148691	76,267644	1,413435E+7
1,000000E-5	16,575992	78,356561	78,302076	
0,000000	16,602800	76,491064	76,544537	1,413466E+7
1,000000E-5	16,600885	76,594352	76,614062	
0,000000	16,612374	77,167281	77,227646	1,413497E+7
1,000000E-5	16,618119	78,900867	78,905670	
0,000000	16,591311	75,944670	76,009793	1,413529E+7
1,000000E-5	16,614289	82,096016	81,930834	
0,000000	16,614289	77,819635	77,868805	1,413560E+7
1,000000E-5	16,616204	77,483303	77,440217	
0,000000	16,581737	77,324978	77,298377	1,413591E+7
1,000000E-5	16,583652	78,864347	78,850416	
0,000000	16,637267	77,132322	77,192328	1,413622E+7
1,000000E-5	16,643012	77,062496	77,086561	
0,000000	16,625778	77,784097	77,797052	1,413653E+7
1,000000E-5	16,631523	78,122999	78,120971	
0,000000	16,633438	77,801862	77,850855	1,413684E+7
1,000000E-5	16,631523	77,553873	77,529126	
0,000000	16,608545	76,646097	76,631462	1,413716E+7
1,000000E-5	16,610460	77,766340	77,797052	
0,000000	16,612374	77,272342	77,280682	1,413746E+7
1,000000E-5	16,608545	76,473875	76,561907	
0,000000	16,633438	78,230626	78,265789	1,413777E+7
1,000000E-5	16,629608	76,165740	76,198721	
0,000000	16,623863	77,730850	77,814978	1,413809E+7
1,000000E-5	16,637267	78,302540	78,320232	
0,000000	16,658330	77,695391	77,689664	1,413840E+7
1,000000E-5	16,660245	79,806339	79,819267	
0,000000	16,643012	78,212668	78,229535	1,413872E+7
1,000000E-5	16,643012	75,640582	75,736577	
0,000000	16,581737	74,725509	74,811398	1,413905E+7
1,000000E-5	16,598970	76,131649	76,129916	
0,000000	16,616204	77,695391	77,743322	1,413936E+7
1,000000E-5	16,610460	77,926440	77,958680	
0,000000	16,608545	78,627779	78,648475	1,413967E+7
1,000000E-5	16,600885	77,324978	77,369234	
0,000000	16,589396	77,571535	77,600396	1,413998E+7
1,000000E-5	16,597056	78,773191	78,813623	
0,000000	16,641097	77,465680	77,582566	1,414029E+7
1,000000E-5	16,643012	77,272342	77,298377	
0,000000	16,598970	77,395267	77,404710	1,414061E+7
1,000000E-5	16,593226	77,184772	77,192328	
0,000000	16,633438	76,905835	76,928437	1,414093E+7
1,000000E-5	16,635352	76,992792	77,033783	
0,000000	16,633438	80,656602	80,696616	1,414125E+7
1,000000E-5	16,625778	75,843050	75,804706	
0,000000	16,656416	75,724819	75,787663	1,414155E+7
1,000000E-5	16,660245	79,657082	79,725069	
0,000000	16,641097	77,483303	77,529126	1,414186E+7
1,000000E-5	16,648756	76,422353	76,423160	
0,000000	16,587481	75,724819	75,821757	1,414217E+7
1,000000E-5	16,598970	77,837416	77,976680	
0,000000	16,610460	76,114615	76,112734	1,414249E+7
1,000000E-5	16,608545	77,167281	77,245317	
0,000000	16,664075	78,122999	78,175215	1,414280E+7
1,000000E-5	16,664075	77,465680	77,457983	
0,000000	16,637267	77,045058	77,068961	1,414312E+7
1,000000E-5	16,644927	78,140917	78,157126	
0,000000	16,633438	77,890806	77,940689	1,414343E+7
1,000000E-5	16,631523	77,272342	77,298377	
0,000000	16,675564	77,766340	77,832912	1,414373E+7
1,000000E-5	16,683223	75,758564	75,907118	
0,000000	16,656416	76,319510	76,353967	1,414405E+7
1,000000E-5	16,664075	77,465680	77,546931	
0,000000	16,662160	77,412858	77,422459	1,414436E+7
1,000000E-5	16,671734	77,219777	77,280682	
0,000000	16,620034	78,773191	78,721789	1,414467E+7
1,000000E-5	16,612374	76,801736	76,805885	
0,000000	16,635352	76,611593	76,683709	1,414499E+7
1,000000E-5	16,641097	80,371139	80,408373	
0,000000	16,669819	77,289880	77,280682	1,414530E+7
1,000000E-5	16,673649	77,342538	77,298377	
0,000000	16,639182	76,131649	76,181509	1,414561E+7
1,000000E-5	16,643012	77,324978	77,298377	
0,000000	16,658330	77,713116	77,761224	1,414593E+7
1,000000E-5	16,656416	76,012561	76,026932	
0,000000	16,665990	76,905835	77,033783	1,414623E+7
1,000000E-5	16,656416	75,691103	75,821757	
0,000000	16,660245	77,360107	77,369234	1,414655E+7
1,000000E-5	16,667905	76,732488	76,718578	
0,000000	16,650671	79,139080	79,146002	1,414686E+7
1,000000E-5	16,646841	77,062496	77,104169	
0,000000	16,652586	76,508260	76,631462	1,414717E+7
1,000000E-5	16,648756	78,230626	78,320232	
0,000000	16,662160	77,062496	77,121785	1,414749E+7
1,000000E-5	16,662160	77,254813	77,280682	
0,000000	16,673649	77,360107	77,404710	1,414780E+7
1,000000E-5	16,681308	77,766340	77,797052	
0,000000	16,704286	77,184772	77,209983	1,414811E+7
1,000000E-5	16,708116	77,289880	77,351508	
0,000000	16,660245	78,700418	78,758497	1,414842E+7
1,000000E-5	16,658330	77,553873	77,457983	
0,000000	16,675564	77,448065	77,529126	1,414873E+7
1,000000E-5	16,673649	75,072435	75,095084	
0,000000	16,698542	77,553873	77,582566	1,414905E+7
1,000000E-5	16,698542	79,508386	79,425135	
0,000000	16,658330	77,819635	77,832912	1,414936E+7
1,000000E-5	16,660245	77,202270	77,280682	
0,000000	16,688968	77,237291	77,280682	1,414968E+7
1,000000E-5	16,685138	76,957987	77,068961	
0,000000	16,692797	78,664082	78,630168	1,415000E+7
1,000000E-5	16,694712	75,606937	75,566762	
0,000000	16,662160	76,611593	76,718578	1,415030E+7
1,000000E-5	16,662160	76,853751	76,840861	
0,000000	16,688968	77,465680	77,404710	1,415060E+7
1,000000E-5	16,688968	77,873001	77,886764	
0,000000	16,646841	77,324978	77,351508	1,415091E+7
1,000000E-5	16,648756	77,027629	77,086561	
0,000000	16,671734	77,801862	77,850855	1,415123E+7
1,000000E-5	16,673649	77,272342	77,280682	
0,000000	16,633438	77,289880	77,333789	1,415154E+7
1,000000E-5	16,641097	77,695391	77,743322	
0,000000	16,698542	76,080568	76,129916	1,415185E+7
1,000000E-5	16,700457	77,079941	77,104169	
0,000000	16,664075	77,926440	78,012703	1,415217E+7
1,000000E-5	16,664075	77,659964	77,564745	
0,000000	16,643012	76,732488	76,858361	1,415248E+7
1,000000E-5	16,639182	77,079941	77,121785	
0,000000	16,629608	78,105090	78,066800	1,415280E+7
1,000000E-5	16,625778	77,659964	77,707542	
0,000000	16,675564	77,448065	77,546931	1,415311E+7
1,000000E-5	16,675564	77,837416	77,922706	
0,000000	16,675564	77,465680	77,440217	1,415342E+7
1,000000E-5	16,675564	77,010207	77,051368	
0,000000	16,660245	77,571535	77,457983	1,415374E+7
1,000000E-5	16,660245	76,975386	76,981075	
0,000000	16,627693	77,307425	77,351508	1,415406E+7
1,000000E-5	16,618119	77,412858	77,440217	
0,000000	16,629608	78,248592	78,302076	1,415437E+7
1,000000E-5	16,625778	76,836405	76,858361	
0,000000	16,673649	77,149797	77,192328	1,415467E+7
1,000000E-5	16,679394	76,992792	77,068961	
0,000000	16,650671	77,184772	77,227646	1,415498E+7
1,000000E-5	16,650671	76,370898	76,423160	
0,000000	16,635352	76,992792	77,068961	1,415530E+7
1,000000E-5	16,641097	79,545508	79,537344	
0,000000	16,643012	75,439136	75,448320	1,415561E+7
1,000000E-5	16,644927	77,553873	77,600396	
0,000000	16,677479	76,871105	76,928437	1,415593E+7
1,000000E-5	16,679394	77,855204	77,886764	
0,000000	16,671734	77,606883	77,653933	1,415624E+7
1,000000E-5	16,664075	78,482898	78,429344	
0,000000	16,658330	76,957987	76,998637	1,415656E+7
1,000000E-5	16,658330	76,905835	76,981075	
0,000000	16,648756	76,923211	76,963521	1,415687E+7
1,000000E-5	16,646841	76,697909	76,718578	
0,000000	16,621949	77,412858	77,457983	1,415719E+7
1,000000E-5	16,623863	77,926440	77,976680	
0,000000	16,612374	76,319510	76,423160	1,415751E+7
1,000000E-5	16,608545	77,045058	77,068961	
0,000000	16,660245	76,871105	76,840861	1,415783E+7
1,000000E-5	16,665990	76,336632	76,371254	
0,000000	16,643012	77,606883	77,707542	1,415814E+7
1,000000E-5	16,641097	76,923211	76,910906	
0,000000	16,662160	76,251094	76,336687	1,415850E+7
1,000000E-5	16,665990	76,063556	76,026932	
0,000000	16,635352	77,962105	77,994688	1,415882E+7
1,000000E-5	16,635352	77,079941	77,104169	
0,000000	16,629608	76,148691	76,164304	1,415913E+7
1,000000E-5	16,633438	79,526943	79,574817	
0,000000	16,654501	78,302540	78,283928	1,415945E+7
1,000000E-5	16,658330	77,219777	77,316079	
0,000000	16,643012	76,905835	76,963521	1,415976E+7
1,000000E-5	16,646841	77,010207	77,104169	
0,000000	16,644927	78,302540	78,320232	1,416008E+7
1,000000E-5	16,644927	76,957987	76,963521	
0,000000	16,633438	79,083980	79,053394	1,416039E+7
1,000000E-5	16,631523	77,553873	77,582566	
0,000000	16,635352	77,097393	77,227646	1,416071E+7
1,000000E-5	16,639182	77,624569	77,582566	
0,000000	16,648756	75,506172	75,482125	1,416102E+7
1,000000E-5	16,658330	77,518573	77,653933	
0,000000	16,623863	75,944670	76,026932	1,416133E+7
1,000000E-5	16,639182	76,663360	76,648870	
0,000000	16,664075	76,559893	76,614062	1,416165E+7
1,000000E-5	16,662160	77,553873	77,546931	
0,000000	16,631523	76,663360	76,753478	1,416197E+7
1,000000E-5	16,639182	78,176776	78,157126	
0,000000	16,602800	77,412858	77,422459	1,416226E+7
1,000000E-5	16,606630	77,219777	77,209983	
0,000000	16,606630	77,624569	77,689664	1,416258E+7
1,000000E-5	16,610460	78,374585	78,392940	
0,000000	16,633438	76,542674	76,631462	1,416290E+7
1,000000E-5	16,635352	77,114854	77,104169	
0,000000	16,612374	77,730850	77,850855	1,416321E+7
1,000000E-5	16,608545	76,594352	76,631462	
0,000000	16,598970	77,589206	77,689664	1,416352E+7
1,000000E-5	16,600885	77,202270	77,245317	
0,000000	16,629608	76,577118	76,579285	1,416383E+7
1,000000E-5	16,631523	77,149797	77,139409	
0,000000	16,574078	76,405194	76,492473	1,416414E+7
1,000000E-5	16,568333	77,027629	77,051368	
0,000000	16,597056	77,254813	77,227646	1,416445E+7
1,000000E-5	16,597056	76,732488	76,805885	
0,000000	16,618119	77,254813	77,280682	1,416477E+7
1,000000E-5	16,616204	75,724819	75,770627	
0,000000	16,572163	78,158843	78,247657	1,416508E+7
1,000000E-5	16,572163	77,890806	77,886764	
0,000000	16,610460	76,165740	76,164304	1,416538E+7
1,000000E-5	16,612374	77,962105	77,976680	
0,000000	16,600885	75,072435	75,111834	1,416572E+7
1,000000E-5	16,600885	77,045058	77,104169	
0,000000	16,564503	78,194718	78,193313	1,416603E+7
1,000000E-5	16,560674	76,611593	76,648870	
0,000000	16,587481	77,412858	77,475757	1,416634E+7
1,000000E-5	16,575992	76,732488	76,718578	
0,000000	16,537696	77,045058	77,139409	1,416666E+7
1,000000E-5	16,537696	77,873001	77,850855	
0,000000	16,583652	76,422353	76,492473	1,416697E+7
1,000000E-5	16,591311	78,428704	78,411138	
0,000000	16,585567	76,029552	76,095559	1,416728E+7
1,000000E-5	16,595141	76,285287	76,267644	
0,000000	16,549185	78,051410	78,120971	1,416758E+7
1,000000E-5	16,556844	77,908619	77,850855	
0,000000	16,570248	77,167281	77,192328	1,416788E+7
1,000000E-5	16,568333	76,697909	76,736024	
0,000000	16,568333	76,888466	76,858361	1,416820E+7
1,000000E-5	16,564503	75,188748	75,246089	
0,000000	16,593226	75,405660	75,448320	1,416851E+7
1,000000E-5	16,593226	77,010207	77,121785	
0,000000	16,547270	76,594352	76,579285	1,416882E+7
1,000000E-5	16,547270	77,289880	77,369234	
0,000000	16,541525	76,611593	76,683709	1,416913E+7
1,000000E-5	16,541525	76,905835	76,858361	
0,000000	16,566418	75,859969	75,872952	1,416945E+7
1,000000E-5	16,564503	77,500934	77,475757	
0,000000	16,522377	77,962105	77,922706	1,416977E+7
1,000000E-5	16,520462	76,888466	76,963521	
0,000000	16,535781	76,784413	76,875868	1,417006E+7
1,000000E-5	16,543440	77,500934	77,546931	
0,000000	16,556844	78,015664	78,030727	1,417038E+7
1,000000E-5	16,564503	76,594352	76,614062	
0,000000	16,533866	77,324978	77,351508	1,417069E+7
1,000000E-5	16,535781	75,978601	76,026932	
0,000000	16,522377	76,992792	77,016206	1,417100E+7
1,000000E-5	16,518547	76,646097	76,666286	
0,000000	16,518547	78,392616	78,429344	1,417132E+7
1,000000E-5	16,520462	75,978601	75,975539	
0,000000	16,549185	76,975386	77,016206	1,417163E+7
1,000000E-5	16,554929	77,571535	77,511328	
0,000000	16,522377	75,944670	76,078391	1,417194E+7
1,000000E-5	16,530036	78,194718	78,175215	
0,000000	16,514718	76,336632	76,423160	1,417226E+7
1,000000E-5	16,518547	77,062496	77,051368	
0,000000	16,510888	76,012561	76,044077	1,417257E+7
1,000000E-5	16,516633	77,045058	77,068961	
0,000000	16,549185	76,370898	76,440477	1,417288E+7
1,000000E-5	16,551100	77,890806	77,904731	
0,000000	16,530036	77,465680	77,529126	1,417320E+7
1,000000E-5	16,530036	76,559893	76,736024	
0,000000	16,614289	76,940595	77,016206	1,417351E+7
1,000000E-5	16,610460	76,611593	76,596670	
0,000000	16,664075	75,272037	75,279723	1,417382E+7
1,000000E-5	16,675564	75,893828	75,975539	
0,000000	16,962789	77,149797	77,192328	1,417413E+7
1,000000E-5	16,964704	77,184772	77,227646	
0,000000	16,903429	76,353761	76,388548	1,417445E+7
1,000000E-5	16,903429	76,182796	76,284894	
0,000000	17,284481	77,890806	77,958680	1,417477E+7
1,000000E-5	17,282566	76,422353	76,544537	
0,000000	17,181080	76,370898	76,440477	1,417508E+7
1,000000E-5	17,186825	77,642263	77,618233	
0,000000	17,361074	76,577118	76,631462	1,417539E+7
1,000000E-5	17,362989	75,995578	76,026932	
0,000000	17,119805	76,940595	76,963521	1,417571E+7
1,000000E-5	17,119805	76,819067	76,823369	
0,000000	17,024064	76,732488	76,788408	1,417603E+7
1,000000E-5	17,027893	76,388042	76,388548	
0,000000	17,052786	75,272037	75,363933	1,417635E+7
1,000000E-5	17,056616	75,961632	75,975539	
0,000000	17,039382	77,184772	77,262996	1,417665E+7
1,000000E-5	17,045127	77,184772	77,157041	
0,000000	16,958959	77,272342	77,262996	1,417696E+7
1,000000E-5	16,960874	75,388933	75,499038	
0,000000	16,809602	76,097588	76,164304	1,417731E+7
1,000000E-5	16,809602	76,148691	76,129916	
0,000000	16,757902	76,957987	77,033783	1,417763E+7
1,000000E-5	16,752157	72,877090	72,895691	
0,000000	16,775135	75,338793	75,448320	1,417795E+7
1,000000E-5	16,777050	75,843050	75,907118	
0,000000	16,715775	75,707958	75,770627	1,417826E+7
1,000000E-5	16,719605	76,046550	76,026932	
0,000000	16,593226	77,324978	77,280682	1,417857E+7
1,000000E-5	16,587481	75,455885	75,515958	
0,000000	16,566418	76,405194	76,423160	1,417888E+7
1,000000E-5	16,570248	74,300103	74,414291	
0,000000	16,463017	73,943634	73,955914	1,417921E+7
1,000000E-5	16,472591	76,046550	76,129916	
0,000000	16,503229	75,741688	75,787663	1,417953E+7
1,000000E-5	16,487910	74,267566	74,348487	
0,000000	16,493655	75,674256	75,600668	1,417984E+7
1,000000E-5	16,491740	75,222043	75,279723	
0,000000	16,474506	75,138858	75,246089	1,418016E+7
1,000000E-5	16,487910	77,659964	77,618233	
0,000000	16,459188	75,188748	75,229282	1,418046E+7
1,000000E-5	16,455358	74,989560	74,994730	
0,000000	15,907715	74,659768	74,711752	1,418077E+7
1,000000E-5	15,919204	74,923384	75,011438	
0,000000	12,079962	75,405660	75,431428	1,418109E+7
1,000000E-5	12,085707	75,590126	75,600668	
0,000000	8,742407	74,956459	74,961335	1,418140E+7
1,000000E-5	8,736662	73,478524	73,454452	
0,000000	6,170785	72,253539	72,344563	1,418171E+7
1,000000E-5	6,166955	72,517373	72,501263	
0,000000	3,581929	69,430247	69,418423	1,418202E+7
1,000000E-5	3,585759	72,642129	72,611315	
0,000000	2,461751	68,081451	68,072490	1,418234E+7
1,000000E-5	2,463666	68,403974	68,483054	
0,000000	2,115166	66,277455	66,280413	1,418266E+7
1,000000E-5	2,126655	67,443854	67,387907	
0,000000	1,996446	63,974379	63,983123	1,418298E+7
1,000000E-5	1,998361	63,822688	63,791900	
0,000000	1,908364	61,970626	61,961845	1,418330E+7
1,000000E-5	1,910279	61,442137	61,501163	
0,000000	1,889216	59,049560	59,085059	1,418361E+7
1,000000E-5	1,887301	58,655647	58,676090	
0,000000	1,877727	56,865423	56,869711	1,418394E+7
1,000000E-5	1,893045	57,812073	57,791548	
0,000000	1,868153	55,476118	55,531569	1,418426E+7
1,000000E-5	1,871982	56,479410	56,523403	
0,000000	1,893045	54,076625	54,138839	1,418457E+7
1,000000E-5	1,893045	53,662784	53,670123	
0,000000	1,852834	52,619100	52,676793	1,418487E+7
1,000000E-5	1,852834	52,315262	52,310773	
0,000000	1,927512	51,261798	51,306178	1,418518E+7
1,000000E-5	1,927512	50,568721	50,577912	
0,000000	1,854749	50,738716	50,768523	1,418549E+7
1,000000E-5	1,850919	49,146633	49,189544	
0,000000	1,900705	48,963663	49,004821	1,418581E+7
1,000000E-5	1,893045	49,009344	48,977170	
0,000000	1,923683	48,274277	48,299798	1,418612E+7
1,000000E-5	1,923683	48,908899	48,931119	
0,000000	2,025169	47,389811	47,398289	1,418644E+7
1,000000E-5	2,019424	46,328585	46,362753	
0,000000	1,950490	46,808338	46,829345	1,418675E+7
1,000000E-5	1,952405	46,817100	46,820504	
0,000000	1,963894	47,248260	47,264392	1,418706E+7
1,000000E-5	1,950490	45,578321	45,605498	
0,000000	1,952405	45,835862	45,848060	1,418738E+7
1,000000E-5	1,952405	46,817100	46,829345	
0,000000	1,806878	45,041395	45,072192	1,418768E+7
1,000000E-5	1,810708	45,083818	45,089315	
0,000000	1,691988	44,241456	44,273301	1,418799E+7
1,000000E-5	1,697732	45,475644	45,475996	
0,000000	1,450719	45,126273	45,140716	1,418830E+7
1,000000E-5	1,444974	43,419742	43,468945	
0,000000	1,389444	43,775192	43,760884	1,418862E+7
1,000000E-5	1,391359	43,708895	43,727444	
0,000000	1,272639	42,992809	43,021411	1,418893E+7
1,000000E-5	1,270724	43,485706	43,527214	
0,000000	1,157749	42,293521	42,348337	1,418925E+7
1,000000E-5	1,169238	43,230517	43,228171	
0,000000	1,092645	42,617734	42,634680	1,418957E+7
1,000000E-5	1,100304	42,796817	42,716749	
0,000000	1,104134	42,236966	42,242334	1,418988E+7
1,000000E-5	1,096474	42,003239	42,030894	
0,000000	1,094560	42,261197	42,283082	1,419020E+7
1,000000E-5	1,096474	42,236966	42,274930	
0,000000	1,017966	41,842581	41,876854	1,419051E+7
1,000000E-5	1,021796	41,754402	41,747442	
0,000000	1,071582	42,124018	42,177196	1,419082E+7
1,000000E-5	1,063922	41,283631	41,296678	
0,000000	0,991159	41,610388	41,578012	1,419113E+7
1,000000E-5	0,989244	41,275684	41,272624	
0,000000	0,991159	41,109020	41,112508	1,419144E+7
1,000000E-5	1,002648	41,085248	41,072544	
0,000000	0,950947	40,040434	40,081760	1,419175E+7
1,000000E-5	0,956692	40,596006	40,610855	
0,000000	1,006477	40,337169	40,365493	1,419207E+7
1,000000E-5	1,002648	40,840142	40,841267	
0,000000	0,964351	40,407654	40,428720	1,419239E+7
1,000000E-5	0,962436	41,172457	41,176504	
0,000000	0,964351	39,861507	39,846287	1,419274E+7
1,000000E-5	0,970095	41,315433	41,368896	
0,000000	1,016051	40,321516	40,341800	1,419305E+7
1,000000E-5	1,021796	40,040434	40,058173	
0,000000	0,975840	40,110587	40,089624	1,419337E+7
1,000000E-5	0,977755	40,321516	40,349697	
0,000000	0,964351	39,939239	39,940371	1,419367E+7
1,000000E-5	0,964351	39,814914	39,838453	
0,000000	0,977755	39,189197	39,152783	1,419399E+7
1,000000E-5	0,975840	38,462929	38,512640	
0,000000	1,065837	40,368486	40,381294	1,419432E+7
1,000000E-5	1,065837	39,366251	39,354608	
0,000000	1,002648	39,127726	39,176039	1,419463E+7
1,000000E-5	1,006477	39,721828	39,728877	
0,000000	1,058178	39,035628	39,067584	1,419493E+7
1,000000E-5	1,062007	39,219954	39,214816	
0,000000	0,981584	39,729580	39,767990	1,419525E+7
1,000000E-5	0,983499	40,219869	40,207705	
0,000000	0,973925	39,814914	39,814956	1,419557E+7
1,000000E-5	0,964351	38,402133	38,366971	
0,000000	1,004562	39,389381	39,416835	1,419589E+7
1,000000E-5	1,000733	38,897724	38,912962	
0,000000	1,259235	39,227646	39,253617	1,419620E+7
1,000000E-5	1,243917	38,584688	38,597121	
0,000000	1,467952	38,653276	38,627869	1,419652E+7
1,000000E-5	1,475612	38,867118	38,874364	
0,000000	1,741773	38,615163	38,643248	1,419683E+7
1,000000E-5	1,737944	38,660901	38,689406	
0,000000	1,820282	38,592306	38,589437	1,419714E+7
1,000000E-5	1,816452	38,348982	38,359313	
0,000000	1,917938	38,182211	38,175784	1,419745E+7
1,000000E-5	1,914109	39,073986	39,145033	
0,000000	1,983043	38,288290	38,305731	1,419776E+7
1,000000E-5	1,977298	38,008301	38,038466	
0,000000	2,092188	38,311043	38,252193	1,419808E+7
1,000000E-5	2,088358	37,902662	37,939465	
0,000000	2,084529	38,068740	38,084207	1,419839E+7
1,000000E-5	2,094103	39,081660	39,083067	
0,000000	1,988787	38,046069	38,061332	1,419871E+7
1,000000E-5	1,981128	37,940371	38,000371	
0,000000	1,914109	37,842370	37,855808	1,419902E+7
1,000000E-5	1,919853	38,159501	38,152878	
0,000000	1,816452	38,038514	38,091834	1,419933E+7
1,000000E-5	1,816452	37,932828	37,977525	
0,000000	1,778155	38,174640	38,168148	1,419965E+7
1,000000E-5	1,781985	38,068740	38,099461	
0,000000	1,571353	38,440124	38,397612	1,419997E+7
1,000000E-5	1,573268	38,076299	38,084207	
0,000000	1,554120	37,774607	37,810221	1,420028E+7
1,000000E-5	1,559864	38,280707	38,282781	
0,000000	1,383700	37,601738	37,613026	1,420060E+7
1,000000E-5	1,391359	37,872509	37,893821	
0,000000	1,297532	37,827306	37,871011	1,420093E+7
1,000000E-5	1,309021	39,035628	39,028894	
0,000000	1,293702	37,993200	38,023225	1,420124E+7
1,000000E-5	1,305191	37,541712	37,552466	
0,000000	1,199875	37,759557	37,772254	1,420155E+7
1,000000E-5	1,205620	37,849904	37,855808	
0,000000	1,186472	37,774607	37,825413	1,420188E+7
1,000000E-5	1,184557	37,744511	37,726723	
0,000000	1,113708	38,470532	38,466605	1,420220E+7
1,000000E-5	1,109878	38,091419	38,107090	
0,000000	1,104134	37,526713	37,514642	1,420251E+7
1,000000E-5	1,102219	37,797187	37,840609	
0,000000	1,155834	37,361947	37,378650	1,420282E+7
1,000000E-5	1,163494	38,076299	38,107090	
0,000000	1,098389	37,857438	37,886217	1,420312E+7
1,000000E-5	1,098389	37,827306	37,863409	
0,000000	1,042859	38,714303	38,735597	1,420344E+7
1,000000E-5	1,035200	37,249831	37,288137	
0,000000	1,127112	38,000750	38,061332	1,420375E+7
1,000000E-5	1,130941	37,774607	37,795032	
0,000000	1,031370	38,008301	38,030845	1,420407E+7
1,000000E-5	1,029455	37,609245	37,605453	
0,000000	0,998818	37,736989	37,779846	1,420438E+7
1,000000E-5	1,000733	37,819775	37,840609	
0,000000	1,075411	37,175188	37,175161	1,420470E+7
1,000000E-5	1,077326	38,053625	38,091834	
0,000000	1,067752	38,257964	38,313383	1,420501E+7
1,000000E-5	1,069667	38,303458	38,267485	
0,000000	1,102219	37,332032	37,333378	1,420532E+7
1,000000E-5	1,104134	38,046069	38,061332	
0,000000	1,060093	37,691876	37,719137	1,420563E+7
1,000000E-5	1,065837	37,857438	37,893821	
0,000000	1,081156	37,541712	37,560033	1,420595E+7
1,000000E-5	1,086900	38,539002	38,551027	
0,000000	1,081156	36,855129	36,919760	1,420626E+7
1,000000E-5	1,090730	38,220077	38,191059	
0,000000	1,046689	37,985650	38,023225	1,420659E+7
1,000000E-5	1,046689	37,063373	37,114983	
0,000000	1,044774	37,242363	37,242924	1,420691E+7
1,000000E-5	1,048604	37,744511	37,764664	
0,000000	0,996903	38,023406	38,076581	1,420721E+7
1,000000E-5	0,987329	37,872509	37,848208	
0,000000	1,117538	38,114106	38,129980	1,420753E+7
1,000000E-5	1,115623	36,966611	36,979770	
0,000000	1,075411	38,577072	38,566389	1,420785E+7
1,000000E-5	1,073496	36,884840	36,934758	
0,000000	1,086900	37,744511	37,749485	1,420816E+7
1,000000E-5	1,081156	38,061183	38,084207	
0,000000	1,019881	37,302129	37,333378	1,420848E+7
1,000000E-5	1,027540	37,699392	37,741897	
0,000000	1,033285	37,789659	37,825413	1,420880E+7
1,000000E-5	1,039029	37,309604	37,325836	
0,000000	1,046689	37,601738	37,643327	1,420910E+7
1,000000E-5	1,037115	36,477398	36,486201	
0,000000	1,025626	37,880046	37,901426	1,420941E+7
1,000000E-5	1,017966	37,579222	37,590310	
0,000000	0,996903	37,406844	37,416398	1,420973E+7
1,000000E-5	0,991159	37,115531	37,152588	
0,000000	1,083071	37,669330	37,696385	1,421004E+7
1,000000E-5	1,084985	38,288290	38,298080	
0,000000	1,071582	37,782133	37,855808	1,421035E+7
1,000000E-5	1,073496	37,279711	37,325836	
0,000000	0,979670	37,324555	37,363556	1,421067E+7
1,000000E-5	0,991159	38,098980	38,099461	
0,000000	1,086900	37,752034	37,779846	1,421097E+7
1,000000E-5	1,081156	37,279711	37,288137	
0,000000	1,025626	37,466753	37,491958	1,421129E+7
1,000000E-5	1,027540	38,318629	38,321036	
0,000000	1,039029	37,249831	37,257992	1,421160E+7
1,000000E-5	1,040944	37,108078	37,084913	
0,000000	1,107963	37,812245	37,848208	1,421191E+7
1,000000E-5	1,107963	37,287183	37,288137	
0,000000	1,127112	37,115531	37,160112	1,421223E+7
1,000000E-5	1,132856	37,714429	37,734309	
0,000000	1,075411	37,564215	37,597881	1,421254E+7
1,000000E-5	1,071582	37,782133	37,840609	
0,000000	1,182642	37,616752	37,628175	1,421284E+7
1,000000E-5	1,178812	37,474245	37,499519	
0,000000	1,077326	37,684359	37,696385	1,421316E+7
1,000000E-5	1,077326	37,729468	37,757074	
0,000000	1,165408	36,862556	36,919760	1,421348E+7
1,000000E-5	1,173068	38,114106	38,107090	
0,000000	1,180727	37,834838	37,871011	1,421379E+7
1,000000E-5	1,173068	37,384392	37,423951	
0,000000	1,100304	37,526713	37,552466	1,421410E+7
1,000000E-5	1,098389	37,324555	37,371102	
0,000000	1,086900	37,564215	37,605453	1,421442E+7
1,000000E-5	1,092645	37,496726	37,499519	
0,000000	1,190301	37,145353	37,160112	1,421473E+7
1,000000E-5	1,196046	37,978101	37,985140	
0,000000	1,063922	37,812245	37,840609	1,421505E+7
1,000000E-5	1,069667	37,834838	37,848208	
0,000000	1,136686	38,265545	38,298080	1,421536E+7
1,000000E-5	1,136686	37,744511	37,795032	
0,000000	1,174983	37,190110	37,205270	1,421568E+7
1,000000E-5	1,178812	37,384392	37,423951	
0,000000	1,129027	37,376910	37,393747	1,421599E+7
1,000000E-5	1,127112	37,676844	37,719137	
0,000000	1,157749	37,294656	37,310754	1,421631E+7
1,000000E-5	1,163494	37,767081	37,802626	
0,000000	1,106049	37,917743	37,924247	1,421662E+7
1,000000E-5	1,096474	37,571718	37,605453	
0,000000	1,150090	37,078272	37,107464	1,421694E+7
1,000000E-5	1,152005	38,273125	38,313383	
0,000000	1,159664	37,152811	37,175161	1,421726E+7
1,000000E-5	1,167323	37,556713	37,620600	
0,000000	1,150090	37,429304	37,454168	1,421757E+7
1,000000E-5	1,153919	37,782133	37,802626	
0,000000	1,111793	37,175188	37,190214	1,421789E+7
1,000000E-5	1,117538	38,114106	38,137612	
0,000000	1,163494	37,564215	37,620600	1,421820E+7
1,000000E-5	1,163494	37,534212	37,590310	
0,000000	1,050518	37,496726	37,522205	1,421852E+7
1,000000E-5	1,062007	37,864973	37,878613	
0,000000	1,144345	37,361947	37,393747	1,421884E+7
1,000000E-5	1,150090	37,504222	37,514642	
0,000000	1,081156	37,466753	37,476839	1,421916E+7
1,000000E-5	1,075411	37,706910	37,711552	
0,000000	1,173068	37,624261	37,673641	1,421946E+7
1,000000E-5	1,171153	37,466753	37,507080	
0,000000	1,096474	37,985650	38,000371	1,421978E+7
1,000000E-5	1,107963	37,963007	37,977525	
0,000000	1,171153	36,566096	36,598075	1,422010E+7
1,000000E-5	1,180727	37,842370	37,886217	
0,000000	1,138601	37,369428	37,363556	1,422043E+7
1,000000E-5	1,144345	37,474245	37,491958	
0,000000	1,058178	37,474245	37,529769	1,422074E+7
1,000000E-5	1,058178	37,594231	37,613026	
0,000000	1,109878	37,526713	37,537334	1,422106E+7
1,000000E-5	1,098389	37,354467	37,363556	
0,000000	1,134771	38,333804	38,374630	1,422138E+7
1,000000E-5	1,134771	37,346988	37,378650	
0,000000	1,159664	38,326216	38,328690	1,422169E+7
1,000000E-5	1,163494	37,812245	37,787438	
0,000000	1,142430	37,669330	37,719137	1,422201E+7
1,000000E-5	1,142430	37,369428	37,378650	
0,000000	1,056263	37,646792	37,688803	1,422232E+7
1,000000E-5	1,058178	37,354467	37,378650	
0,000000	1,167323	37,421816	37,461724	1,422264E+7
1,000000E-5	1,169238	37,414330	37,423951	
0,000000	1,088815	37,624261	37,673641	1,422293E+7
1,000000E-5	1,081156	37,932828	37,969911	
0,000000	1,171153	37,481738	37,454168	1,422325E+7
1,000000E-5	1,174983	37,616752	37,643327	
0,000000	1,107963	37,496726	37,514642	1,422357E+7
1,000000E-5	1,115623	37,369428	37,386198	
0,000000	1,132856	38,151933	38,183421	1,422388E+7
1,000000E-5	1,134771	37,108078	37,137544	
0,000000	1,081156	37,197573	37,197742	1,422419E+7
1,000000E-5	1,086900	37,699392	37,741897	
0,000000	1,100304	37,391875	37,416398	1,422452E+7
1,000000E-5	1,088815	37,661816	37,688803	
0,000000	1,129027	36,996370	36,994781	1,422483E+7
1,000000E-5	1,121367	38,174640	38,160512	
0,000000	1,046689	37,332032	37,356010	1,422515E+7
1,000000E-5	1,040944	36,936865	36,949759	
0,000000	1,069667	37,369428	37,340921	1,422548E+7
1,000000E-5	1,069667	37,564215	37,605453	
0,000000	1,174983	37,586726	37,597881	1,422579E+7
1,000000E-5	1,167323	36,603085	36,635405	
0,000000	1,130941	37,519215	37,537334	1,422611E+7
1,000000E-5	1,134771	37,369428	37,393747	
0,000000	1,060093	37,481738	37,544899	1,422643E+7
1,000000E-5	1,069667	37,609245	37,620600	
0,000000	1,052433	37,100625	37,145065	1,422675E+7
1,000000E-5	1,058178	37,361947	37,416398	
0,000000	1,130941	36,869983	36,904765	1,422706E+7
1,000000E-5	1,134771	37,451771	37,454168	
0,000000	1,106049	36,773487	36,799892	1,422738E+7
1,000000E-5	1,113708	37,354467	37,416398	
0,000000	1,042859	37,399359	37,393747	1,422767E+7
1,000000E-5	1,044774	37,332032	37,378650	
0,000000	1,129027	37,782133	37,757074	1,422800E+7
1,000000E-5	1,130941	37,504222	37,529769	
0,000000	1,142430	38,008301	38,030845	1,422830E+7
1,000000E-5	1,136686	36,315072	36,322436	
0,000000	1,092645	37,586726	37,620600	1,422860E+7
1,000000E-5	1,094560	37,699392	37,711552	
0,000000	1,098389	37,684359	37,711552	1,422892E+7
1,000000E-5	1,098389	36,892270	36,912262	
0,000000	1,152005	37,182649	37,160112	1,422922E+7
1,000000E-5	1,161579	37,406844	37,423951	
0,000000	1,157749	37,219965	37,242924	1,422955E+7
1,000000E-5	1,155834	37,436792	37,439058	
0,000000	1,125197	36,974050	37,002288	1,422985E+7
1,000000E-5	1,125197	36,263499	36,315001	
0,000000	1,073496	37,249831	37,295675	1,423016E+7
1,000000E-5	1,069667	37,055925	37,084913	
0,000000	1,144345	36,825430	36,822351	1,423048E+7
1,000000E-5	1,146260	38,008301	38,023225	
0,000000	1,153919	37,639281	37,673641	1,423079E+7
1,000000E-5	1,163494	37,063373	37,130022	
0,000000	1,060093	36,721582	36,769957	1,423110E+7
1,000000E-5	1,065837	37,100625	37,122502	
0,000000	1,081156	37,496726	37,484398	1,423141E+7
1,000000E-5	1,088815	37,197573	37,220329	
0,000000	1,144345	37,721948	37,757074	1,423172E+7
1,000000E-5	1,140516	37,175188	37,205270	
0,000000	1,086900	37,108078	37,145065	1,423203E+7
1,000000E-5	1,084985	37,070822	37,092429	
0,000000	1,130941	37,264770	37,273063	1,423235E+7
1,000000E-5	1,134771	37,182649	37,175161	
0,000000	1,088815	37,018697	36,979770	1,423267E+7
1,000000E-5	1,094560	37,556713	37,560033	
0,000000	1,134771	37,925285	37,962298	1,423299E+7
1,000000E-5	1,125197	36,691939	36,732555	
0,000000	1,119452	37,646792	37,666061	1,423330E+7
1,000000E-5	1,123282	37,714429	37,741897	
0,000000	0,991159	37,459261	37,507080	1,423361E+7
1,000000E-5	0,994988	37,744511	37,779846	
0,000000	1,077326	36,462626	36,516017	1,423394E+7
1,000000E-5	1,077326	37,429304	37,431504	
0,000000	1,073496	37,534212	37,522205	1,423425E+7
1,000000E-5	1,069667	37,706910	37,749485	
0,000000	1,111793	36,677123	36,732555	1,423457E+7
1,000000E-5	1,113708	36,580889	36,590611	
0,000000	1,050518	37,137897	37,160112	1,423487E+7
1,000000E-5	1,050518	37,227430	37,265527	
0,000000	1,106049	38,227653	38,221619	1,423519E+7
1,000000E-5	1,102219	37,429304	37,439058	
0,000000	1,104134	36,951737	36,934758	1,423551E+7
1,000000E-5	1,104134	37,481738	37,507080	
0,000000	1,027540	37,137897	37,152588	1,423580E+7
1,000000E-5	1,033285	37,242363	37,265527	
0,000000	1,104134	37,346988	37,348465	1,423610E+7
1,000000E-5	1,100304	37,122986	37,182687	
0,000000	1,008392	37,003812	36,987275	1,423643E+7
1,000000E-5	1,012222	37,399359	37,416398	
0,000000	1,033285	37,549212	37,597881	1,423674E+7
1,000000E-5	1,048604	37,834838	37,833011	
0,000000	1,077326	36,292965	36,255549	1,423706E+7
1,000000E-5	1,079241	37,391875	37,416398	
0,000000	1,109878	37,541712	37,552466	1,423737E+7
1,000000E-5	1,104134	37,332032	37,371102	
0,000000	1,019881	37,175188	37,197742	1,423768E+7
1,000000E-5	1,021796	37,264770	37,220329	
