0.000000	1.761601	26.236439	26.372359
1.000000E-5	1.780750	26.547223	26.539198
0.000000	1.757772	26.388432	26.419052
1.000000E-5	1.753942	25.748592	25.786761
0.000000	1.753942	27.111217	27.114808
1.000000E-5	1.757772	26.931789	26.940506
0.000000	1.683093	26.845491	26.846752
1.000000E-5	1.681178	26.461187	26.459088
0.000000	1.723305	26.494271	26.512489
1.000000E-5	1.734794	26.540603	26.505813
0.000000	1.686923	26.845491	26.866836
1.000000E-5	1.683093	26.262860	26.292353
0.000000	1.663945	26.216627	26.265695
1.000000E-5	1.686923	26.739359	26.773139
0.000000	1.792239	26.745990	26.773139
1.000000E-5	1.786494	26.322327	26.372359
0.000000	1.709901	26.144008	26.152459
1.000000E-5	1.725219	27.211013	27.269207
0.000000	1.740538	26.739359	26.759759
1.000000E-5	1.725219	26.481036	26.492461
0.000000	1.683093	26.706212	26.739692
1.000000E-5	1.688838	26.533983	26.565912
0.000000	1.730964	27.038085	27.027626
1.000000E-5	1.736708	26.447956	26.459088
0.000000	1.742453	26.573708	26.592632
1.000000E-5	1.744368	26.547223	26.572592
0.000000	1.769261	26.898590	26.920410
1.000000E-5	1.763516	25.906620	25.873110
0.000000	1.665860	26.699583	26.706254
1.000000E-5	1.673519	26.779148	26.793211
0.000000	1.742453	26.679700	26.706254
1.000000E-5	1.757772	26.991569	27.007516
0.000000	1.738623	26.692955	26.712941
1.000000E-5	1.734794	26.759252	26.779829
0.000000	1.681178	26.712840	26.719628
1.000000E-5	1.688838	26.679700	26.686196
0.000000	1.732879	26.779148	26.806594
1.000000E-5	1.742453	27.204357	27.215481
0.000000	1.736708	26.520744	26.552554
1.000000E-5	1.740538	27.157778	27.168490
0.000000	1.776920	26.547223	26.559233
1.000000E-5	1.776920	26.739359	26.759759
0.000000	1.663945	26.243044	26.252368
1.000000E-5	1.673519	26.818949	26.826672
0.000000	1.752027	26.282679	26.259031
1.000000E-5	1.757772	26.560465	26.599313
0.000000	1.719475	27.184392	27.188626
1.000000E-5	1.723305	26.560465	26.552554
0.000000	1.757772	26.428112	26.445742
1.000000E-5	1.757772	26.368597	26.405710
0.000000	1.702241	26.481036	26.472437
1.000000E-5	1.711816	25.794665	25.819966
0.000000	1.746283	26.765884	26.746381
1.000000E-5	1.744368	26.567086	26.585952
0.000000	1.667774	26.633317	26.659456
1.000000E-5	1.673519	26.732729	26.753070
0.000000	1.721390	26.639942	26.672825
1.000000E-5	1.725219	26.726099	26.746381
0.000000	1.767346	26.481036	26.519166
1.000000E-5	1.773090	26.666446	26.699568
0.000000	1.786494	26.659819	26.672825
1.000000E-5	1.784579	26.243044	26.252368
0.000000	1.683093	26.726099	26.746381
1.000000E-5	1.686923	26.679700	26.692882
0.000000	1.742453	26.945071	26.980707
1.000000E-5	1.729049	26.084621	26.145801
0.000000	1.746283	26.792414	26.813286
1.000000E-5	1.746283	26.719470	26.739692
0.000000	1.740538	26.964997	26.967305
1.000000E-5	1.748197	26.805681	26.819979
0.000000	0.021601	27.038085	27.047739
1.000000E-5	0.023516	26.845491	26.866836
0.000000	-0.066481	26.342155	26.385698
1.000000E-5	-0.060737	26.938430	26.960605
0.000000	0.040750	26.805681	26.806594
1.000000E-5	0.036920	26.005481	26.026015
0.000000	-0.032014	26.084621	26.112516
1.000000E-5	-0.018610	27.277589	27.269207
0.000000	-0.028184	26.573708	26.612676
1.000000E-5	-0.014781	26.567086	26.585952
0.000000	0.048409	26.309109	26.285688
1.000000E-5	0.044579	27.004857	27.007516
0.000000	-0.104778	26.653193	26.632722
1.000000E-5	-0.099033	26.514126	26.499137
0.000000	-0.058822	26.646568	26.652772
1.000000E-5	-0.047333	26.673073	26.646089
0.000000	0.035005	27.144473	27.155067
1.000000E-5	0.033090	25.814415	25.826608
0.000000	0.015857	26.593574	26.565912
1.000000E-5	0.013942	27.011502	27.020922
0.000000	-0.070311	27.058026	27.081269
1.000000E-5	-0.074140	26.540603	26.559233
0.000000	-0.007121	26.885313	26.933807
1.000000E-5	-0.012866	26.309109	26.299018
0.000000	-0.077970	25.505319	25.561181
1.000000E-5	-0.074140	27.290909	27.289360
0.000000	-0.024355	26.593574	26.612676
1.000000E-5	-0.020525	26.434726	26.445742
0.000000	0.036920	27.117867	27.128226
1.000000E-5	0.036920	26.626693	26.626040
0.000000	-0.001377	25.840753	25.873110
1.000000E-5	0.004368	26.812315	26.799902
0.000000	0.004368	27.317553	27.329677
1.000000E-5	-0.012866	27.018147	27.027626
0.000000	-0.010951	26.487654	26.512489
1.000000E-5	-0.005206	26.514126	26.532520
0.000000	-0.032014	26.540603	26.579272
1.000000E-5	-0.045418	26.573708	26.605994
0.000000	0.029261	26.441341	26.472437
1.000000E-5	0.036920	26.686327	26.712941
0.000000	0.031175	27.151125	27.161778
1.000000E-5	0.023516	25.952746	25.972811
0.000000	-0.068396	26.838855	26.853447
1.000000E-5	-0.066481	27.417520	27.410352
0.000000	-0.091374	26.441341	26.459088
1.000000E-5	-0.081800	26.911869	26.886924
0.000000	0.015857	25.926386	25.959513
1.000000E-5	0.021601	27.111217	27.148356
0.000000	-0.047333	26.858763	26.866836
1.000000E-5	-0.045418	26.911869	26.920410
0.000000	0.036920	26.885313	26.893620
1.000000E-5	0.035005	26.474420	26.485786
0.000000	0.027346	26.481036	26.485786
1.000000E-5	0.031175	26.395044	26.412381
0.000000	-0.079885	26.978282	27.014219
1.000000E-5	-0.079885	27.490883	27.477624
0.000000	-0.007121	26.196818	26.259031
1.000000E-5	0.006283	28.012419	27.983394
0.000000	-0.009036	26.732729	26.759759
1.000000E-5	-0.001377	26.719470	26.746381
0.000000	0.013942	26.348765	26.392369
1.000000E-5	0.010112	26.673073	26.692882
0.000000	0.012027	27.397520	27.417078
1.000000E-5	0.008197	26.560465	26.585952
0.000000	-0.058822	26.646568	26.666141
1.000000E-5	-0.062651	26.540603	26.572592
0.000000	-0.005206	26.620068	26.612676
1.000000E-5	-0.007121	26.686327	26.719628
0.000000	-0.020525	27.144473	27.161778
1.000000E-5	-0.024355	26.414884	26.425724
0.000000	-0.047333	27.250954	27.275924
1.000000E-5	-0.066481	25.932976	25.952865
0.000000	-0.041588	26.606821	26.632722
1.000000E-5	-0.035844	26.454571	26.485786
0.000000	-0.010951	26.752621	26.746381
1.000000E-5	-0.009036	26.606821	26.632722
0.000000	-0.018610	26.984925	26.987409
1.000000E-5	-0.012866	26.520744	26.519166
0.000000	0.019686	26.348765	26.412381
1.000000E-5	0.033090	26.739359	26.766449
0.000000	0.023516	26.322327	26.312350
1.000000E-5	0.012027	26.772516	26.813286
0.000000	-0.095204	26.414884	26.452415
1.000000E-5	-0.081800	26.872038	26.860141
0.000000	-0.041588	26.560465	26.585952
1.000000E-5	-0.039673	26.540603	26.552554
0.000000	-0.012866	26.978282	27.014219
1.000000E-5	-0.012866	26.878675	26.840058
0.000000	-0.024355	27.404186	27.457438
1.000000E-5	-0.022440	26.812315	26.846752
0.000000	-0.076055	26.666446	26.692882
1.000000E-5	-0.072226	26.679700	26.692882
0.000000	-0.066481	26.262860	26.272359
1.000000E-5	-0.058822	26.911869	26.947205
0.000000	-0.022440	26.137408	26.185753
1.000000E-5	-0.003292	27.410853	27.363285
0.000000	0.023516	26.593574	26.632722
1.000000E-5	0.027346	26.646568	26.672825
0.000000	-0.028184	25.992295	26.012712
1.000000E-5	-0.012866	26.752621	26.779829
0.000000	-0.024355	26.177012	26.172434
1.000000E-5	-0.018610	27.257612	27.316237
0.000000	-0.014781	26.752621	26.739692
1.000000E-5	-0.009036	26.772516	26.779829
0.000000	-0.001377	26.759252	26.786520
1.000000E-5	-0.007121	26.421497	26.405710
0.000000	-0.033929	26.891951	26.880228
1.000000E-5	-0.035844	26.428112	26.452415
0.000000	0.025431	26.626693	26.646089
1.000000E-5	0.033090	26.361986	26.405710
0.000000	-0.024355	26.785781	26.786520
1.000000E-5	-0.020525	26.613444	26.612676
0.000000	-0.003292	26.799047	26.806594
1.000000E-5	-0.005206	26.183613	26.192413
0.000000	0.017772	26.494271	26.519166
1.000000E-5	0.019686	26.586952	26.559233
0.000000	-0.009036	26.494271	26.512489
1.000000E-5	0.004368	26.401657	26.419052
0.000000	0.012027	26.825584	26.846752
1.000000E-5	0.012027	26.692955	26.672825
0.000000	-0.001377	26.322327	26.339017
1.000000E-5	0.004368	26.951712	26.974006
0.000000	-0.079885	26.885313	26.920410
1.000000E-5	-0.074140	26.825584	26.840058
0.000000	-0.024355	26.838855	26.853447
1.000000E-5	-0.020525	27.517572	27.544933
0.000000	-0.030099	25.577599	25.620858
1.000000E-5	-0.003292	26.978282	27.000813
0.000000	-0.095204	26.699583	26.726316
1.000000E-5	-0.089459	26.905229	26.933807
0.000000	-0.016695	26.421497	26.439069
1.000000E-5	-0.012866	27.177738	27.208766
0.000000	0.086706	27.224325	27.262490
1.000000E-5	0.082876	26.712840	26.719628
0.000000	0.052239	26.958354	26.974006
1.000000E-5	0.054153	26.210024	26.205734
0.000000	0.142236	26.593574	26.639405
1.000000E-5	0.140321	26.335545	26.365690
0.000000	0.222659	27.671149	27.693149
1.000000E-5	0.216914	27.131169	27.148356
0.000000	0.237977	27.544266	27.544933
1.000000E-5	0.232233	27.330877	27.309517
0.000000	0.228403	27.304230	27.322957
1.000000E-5	0.232233	27.450861	27.504543
0.000000	0.270530	27.544266	27.578602
1.000000E-5	0.262870	27.124518	27.114808
0.000000	0.170958	26.858763	26.866836
1.000000E-5	0.178618	27.484212	27.491082
0.000000	0.236063	27.544266	27.504543
1.000000E-5	0.232233	27.151125	27.148356
0.000000	0.282019	27.137821	27.181914
1.000000E-5	0.285848	27.077969	27.128226
0.000000	0.322230	27.171084	27.208766
1.000000E-5	0.327975	27.357530	27.349841
0.000000	0.280104	27.164431	27.208766
1.000000E-5	0.280104	27.631066	27.639231
0.000000	0.289678	27.871773	27.888815
1.000000E-5	0.289678	26.752621	26.779829
0.000000	0.224574	27.177738	27.202053
1.000000E-5	0.216914	26.825584	26.860141
0.000000	0.255211	27.297569	27.329677
1.000000E-5	0.251381	27.751357	27.794315
0.000000	0.260955	27.490883	27.497812
1.000000E-5	0.257126	27.444192	27.430530
0.000000	0.274359	26.745990	26.766449
1.000000E-5	0.285848	27.778105	27.747093
0.000000	0.308826	27.350866	27.370008
1.000000E-5	0.304997	27.651106	27.659447
0.000000	0.349038	27.257612	27.282642
1.000000E-5	0.366271	28.341275	28.389634
0.000000	0.310741	27.530918	27.544933
1.000000E-5	0.303082	26.772516	26.819979
0.000000	0.259041	28.012419	28.057762
1.000000E-5	0.259041	27.744671	27.747093
0.000000	0.228403	28.907327	28.920000
1.000000E-5	0.228403	27.764730	27.801062
0.000000	0.345208	27.124518	27.155067
1.000000E-5	0.354782	27.664468	27.699891
0.000000	0.232233	28.354718	28.369286
1.000000E-5	0.234148	28.354718	28.382851
0.000000	0.259041	28.509435	28.498216
1.000000E-5	0.247552	28.543098	28.552547
0.000000	0.289678	28.428686	28.457485
1.000000E-5	0.297337	28.106279	28.138945
0.000000	0.335634	28.133111	28.172789
1.000000E-5	0.354782	28.860042	28.858670
0.000000	0.358612	28.799278	28.838235
1.000000E-5	0.362442	29.354203	29.357158
0.000000	0.349038	30.301817	30.340777
1.000000E-5	0.354782	29.578367	29.597012
0.000000	0.588392	31.196539	31.180944
1.000000E-5	0.592222	30.899648	30.937146
0.000000	0.889021	33.020122	33.013195
1.000000E-5	0.892851	33.041309	33.041691
0.000000	2.604712	35.319564	35.347522
1.000000E-5	2.589394	35.290487	35.288848
0.000000	6.465018	39.097012	39.090809
1.000000E-5	6.465018	38.936002	38.990227
0.000000	10.191285	42.236966	42.258630
1.000000E-5	10.197029	42.188533	42.217899
0.000000	13.210978	45.415838	45.467374
1.000000E-5	13.207148	45.177262	45.209325
0.000000	15.328784	49.064215	49.078630
1.000000E-5	15.328784	49.100828	49.124815
0.000000	16.481514	51.424610	51.422159
1.000000E-5	16.483429	52.835897	52.835938
0.000000	16.847248	54.545305	54.560578
1.000000E-5	16.847248	54.596532	54.581248
0.000000	16.994690	57.823070	57.858119
1.000000E-5	16.990860	56.650568	56.696228
0.000000	17.015753	58.610849	58.630880
1.000000E-5	17.021497	59.424192	59.394277
0.000000	16.969797	60.637824	60.617830
1.000000E-5	16.971712	61.204028	61.224689
0.000000	16.981286	60.743429	60.759863
1.000000E-5	16.981286	62.677305	62.649835
0.000000	16.952563	64.522434	64.574969
1.000000E-5	16.948734	63.271065	63.273563
0.000000	16.870226	64.844361	64.860978
1.000000E-5	16.866396	64.586623	64.639801
0.000000	16.826184	65.640335	65.664301
1.000000E-5	16.822355	66.505448	66.388496
0.000000	16.705550	66.938022	66.960565
1.000000E-5	16.703635	66.371184	66.388496
0.000000	16.613638	64.960858	64.965463
1.000000E-5	16.619382	67.609240	67.693872
0.000000	16.590660	66.680640	66.687172
1.000000E-5	16.600234	68.460323	68.483054
0.000000	16.558108	68.333646	68.397774
1.000000E-5	16.561937	69.836383	69.842715
0.000000	16.493003	69.156928	69.186196
1.000000E-5	16.491088	68.970962	69.012884
0.000000	16.452792	70.173036	70.197209
1.000000E-5	16.445132	68.277469	68.326842
0.000000	16.387687	70.114288	70.123102
1.000000E-5	16.389602	70.854782	70.915566
0.000000	16.370454	70.128967	70.182377
1.000000E-5	16.370454	70.438451	70.465113
0.000000	16.362795	71.305625	71.294789
1.000000E-5	16.360880	70.202441	70.241738
0.000000	16.335987	71.457024	71.432179
1.000000E-5	16.337902	71.517742	71.554696
0.000000	16.282372	72.424058	72.469874
1.000000E-5	16.286201	72.129974	72.079559
0.000000	16.267053	72.176267	72.250834
1.000000E-5	16.268968	72.253539	72.219639
0.000000	16.219182	72.564112	72.579841
1.000000E-5	16.219182	72.377482	72.375854
0.000000	16.244075	72.720298	72.784862
1.000000E-5	16.247905	72.564112	72.595575
0.000000	16.194289	73.192515	73.278005
1.000000E-5	16.203863	73.271758	73.214034
0.000000	16.165567	72.470689	72.422837
1.000000E-5	16.167481	72.829988	72.848156
0.000000	16.163652	74.381562	74.414291
1.000000E-5	16.154078	73.622294	73.712490
0.000000	16.165567	72.751607	72.769054
1.000000E-5	16.169396	73.895269	73.923372
0.000000	16.106207	72.299973	72.375854
1.000000E-5	16.113866	73.734471	73.761057
0.000000	16.100462	74.137680	74.168081
1.000000E-5	16.102377	73.574313	73.615532
0.000000	16.138759	74.365257	74.447233
1.000000E-5	16.136844	74.170112	74.184448
0.000000	16.119611	74.008212	74.037384
1.000000E-5	16.127270	74.791359	74.894627
0.000000	16.121525	75.606937	75.685557
1.000000E-5	16.115781	73.734471	73.680145
0.000000	16.087058	74.528607	74.612353
1.000000E-5	16.087058	74.397874	74.414291
0.000000	16.083229	74.956459	75.011438
1.000000E-5	16.087058	73.750522	73.663982
0.000000	16.104292	75.995578	75.975539
1.000000E-5	16.106207	74.072894	74.070019
0.000000	16.085144	75.539732	75.583711
1.000000E-5	16.090888	76.439520	76.509820
0.000000	16.039188	75.039264	75.078341
1.000000E-5	16.046847	75.039264	75.078341
0.000000	16.085144	74.137680	74.135367
1.000000E-5	16.075569	74.873824	74.894627
0.000000	16.008550	75.372213	75.414544
1.000000E-5	16.016210	75.255365	75.178905
0.000000	16.039188	75.238700	75.313386
1.000000E-5	16.041102	75.489403	75.499038
0.000000	16.054506	76.302395	76.284894
1.000000E-5	16.056421	76.251094	76.250402
0.000000	16.029613	75.522949	75.617631
1.000000E-5	16.039188	75.506172	75.617631
0.000000	15.998976	75.122242	75.212483
1.000000E-5	15.997061	75.022689	75.061605
0.000000	15.979828	76.836405	76.858361
1.000000E-5	15.977913	73.654312	73.761057
0.000000	16.035358	75.089030	75.128592
1.000000E-5	16.044932	76.697909	76.631462
0.000000	15.991317	76.234009	76.250402
1.000000E-5	15.991317	76.029552	76.061230
0.000000	16.002806	77.272342	77.227646
1.000000E-5	16.004721	76.131649	76.129916
0.000000	15.989402	74.544979	74.546224
1.000000E-5	15.995146	76.182796	76.129916
0.000000	15.970254	75.288715	75.246089
1.000000E-5	15.970254	75.843050	75.941314
0.000000	16.025784	75.893828	75.924212
1.000000E-5	16.027699	77.342538	77.440217
0.000000	15.979828	76.302395	76.302151
1.000000E-5	15.977913	76.525463	76.614062
0.000000	16.010465	76.923211	76.998637
1.000000E-5	16.004721	76.611593	76.648870
0.000000	15.989402	76.046550	76.078391
1.000000E-5	15.991317	76.542674	76.579285
0.000000	16.027699	77.167281	77.262996
1.000000E-5	16.033443	76.063556	76.129916
0.000000	15.998976	75.255365	75.296551
1.000000E-5	16.002806	77.114854	77.121785
0.000000	15.975998	76.439520	76.457801
1.000000E-5	15.977913	76.628841	76.648870
0.000000	15.998976	77.307425	77.333789
1.000000E-5	15.998976	77.289880	77.316079
0.000000	15.935787	75.105633	75.128592
1.000000E-5	15.949190	76.732488	76.736024
0.000000	15.987487	76.646097	76.614062
1.000000E-5	15.979828	76.819067	76.875868
0.000000	15.958765	76.559893	76.614062
1.000000E-5	15.954935	75.944670	75.958423
0.000000	15.974083	77.589206	77.653933
1.000000E-5	15.979828	77.518573	77.582566
0.000000	15.987487	78.302540	78.229535
1.000000E-5	15.985572	77.730850	77.761224
0.000000	15.998976	76.611593	76.683709
1.000000E-5	16.004721	76.888466	76.998637
0.000000	15.981743	77.518573	77.564745
1.000000E-5	15.983657	75.455885	75.515958
0.000000	15.962594	76.114615	76.078391
1.000000E-5	15.968339	76.663360	76.718578
0.000000	15.975998	76.491064	76.561907
1.000000E-5	15.975998	76.749788	76.840861
0.000000	15.975998	76.542674	76.544537
1.000000E-5	15.974083	76.405194	76.405850
0.000000	15.935787	77.962105	77.940689
1.000000E-5	15.937701	77.097393	77.086561
0.000000	15.939616	78.158843	78.030727
1.000000E-5	15.943446	76.319510	76.405850
0.000000	15.972168	76.680631	76.718578
1.000000E-5	15.977913	76.819067	76.840861
0.000000	15.968339	79.843742	79.819267
1.000000E-5	15.956850	76.628841	76.683709
0.000000	15.962594	76.801736	76.823369
1.000000E-5	15.966424	77.097393	77.192328
0.000000	15.926212	77.659964	77.707542
1.000000E-5	15.930042	76.628841	76.579285
0.000000	15.953020	76.542674	76.561907
1.000000E-5	15.949190	77.132322	77.157041
0.000000	15.962594	78.105090	78.120971
1.000000E-5	15.960679	77.518573	77.600396
0.000000	15.937701	78.464825	78.447559
1.000000E-5	15.937701	75.506172	75.566762
0.000000	15.947276	77.307425	77.333789
1.000000E-5	15.939616	76.388042	76.527175
0.000000	15.943446	76.319510	76.353967
1.000000E-5	15.947276	77.890806	77.886764
0.000000	15.914723	76.353761	76.388548
1.000000E-5	15.914723	77.801862	77.797052
0.000000	15.908979	76.216931	76.302151
1.000000E-5	15.914723	77.114854	77.104169
0.000000	15.899405	76.405194	76.440477
1.000000E-5	15.907064	76.388042	76.475133
0.000000	15.933872	76.836405	76.770939
1.000000E-5	15.935787	77.114854	77.139409
0.000000	15.889831	76.234009	76.233168
1.000000E-5	15.886001	76.819067	76.858361
0.000000	15.750048	76.046550	76.147106
1.000000E-5	15.757707	78.609640	78.593578
0.000000	15.864938	77.377683	77.333789
1.000000E-5	15.859193	77.483303	77.600396
0.000000	15.930042	76.439520	76.561907
1.000000E-5	15.933872	74.840817	74.778155
0.000000	15.884086	76.732488	76.770939
1.000000E-5	15.882171	78.464825	78.465782
0.000000	15.886001	77.430458	77.457983
1.000000E-5	15.891745	77.324978	77.280682
0.000000	15.901320	77.606883	77.511328
1.000000E-5	15.897490	77.219777	77.174681
0.000000	15.887916	76.749788	76.823369
1.000000E-5	15.893660	77.045058	77.051368
0.000000	15.899405	76.784413	76.858361
1.000000E-5	15.903234	77.307425	77.298377
0.000000	15.912809	76.646097	76.596670
1.000000E-5	15.918553	78.087189	78.048760
0.000000	15.868767	76.819067	76.893384
1.000000E-5	15.872597	77.962105	78.066800
0.000000	15.901320	75.826138	75.941314
1.000000E-5	15.899405	77.307425	77.351508
0.000000	15.886001	77.624569	77.707542
1.000000E-5	15.886001	76.285287	76.267644
0.000000	15.845789	77.272342	77.386968
1.000000E-5	15.855364	76.715194	76.718578
0.000000	15.878342	77.045058	77.086561
1.000000E-5	15.880256	76.905835	76.945975
0.000000	15.878342	76.819067	76.875868
1.000000E-5	15.876427	76.697909	76.770939
0.000000	15.899405	75.995578	75.992662
1.000000E-5	15.908979	77.254813	77.333789
0.000000	15.882171	76.801736	76.823369
1.000000E-5	15.887916	77.518573	77.546931
0.000000	15.887916	74.725509	74.828030
1.000000E-5	15.891745	77.027629	77.068961
0.000000	15.817067	77.062496	77.121785
1.000000E-5	15.818982	76.388042	76.440477
0.000000	15.855364	76.784413	76.840861
1.000000E-5	15.863023	76.491064	76.492473
0.000000	15.843875	78.105090	78.229535
1.000000E-5	15.841960	76.871105	76.910906
0.000000	15.845789	76.131649	76.164304
1.000000E-5	15.847704	76.199860	76.250402
0.000000	15.853449	77.962105	77.922706
1.000000E-5	15.845789	75.826138	75.838814
0.000000	15.853449	77.518573	77.564745
1.000000E-5	15.853449	77.132322	77.192328
0.000000	15.886001	77.855204	77.868805
1.000000E-5	15.891745	76.182796	76.215941
0.000000	15.841960	77.254813	77.262996
1.000000E-5	15.841960	79.286388	79.313245
0.000000	15.866853	78.446761	78.411138
1.000000E-5	15.855364	76.940595	76.963521
0.000000	15.880256	77.518573	77.582566
1.000000E-5	15.872597	77.097393	77.051368
0.000000	15.832386	76.975386	76.981075
1.000000E-5	15.830471	78.194718	78.265789
0.000000	15.840045	76.029552	76.061230
1.000000E-5	15.845789	76.784413	76.858361
0.000000	15.857278	76.199860	76.198721
1.000000E-5	15.855364	77.748591	77.743322
0.000000	15.859193	77.010207	77.104169
1.000000E-5	15.868767	77.766340	77.779134
0.000000	15.841960	77.062496	77.139409
1.000000E-5	15.841960	77.324978	77.386968
0.000000	15.853449	77.010207	77.068961
1.000000E-5	15.859193	79.638464	79.631095
0.000000	15.853449	77.730850	77.832912
1.000000E-5	15.866853	81.447599	81.377506
0.000000	15.857278	78.266567	78.265789
1.000000E-5	15.859193	77.571535	77.671794
0.000000	15.861108	76.525463	76.527175
1.000000E-5	15.864938	77.010207	77.068961
0.000000	15.861108	77.624569	77.636079
1.000000E-5	15.857278	77.713116	77.600396
0.000000	15.822811	77.395267	77.369234
1.000000E-5	15.826641	77.659964	77.689664
0.000000	15.828556	77.500934	77.475757
1.000000E-5	15.828556	78.087189	78.175215
0.000000	15.822811	77.589206	77.600396
1.000000E-5	15.822811	79.582664	79.556076
0.000000	15.841960	78.754986	78.740139
1.000000E-5	15.841960	75.995578	75.890031
0.000000	15.863023	79.601255	79.481200
1.000000E-5	15.855364	77.819635	77.814978
0.000000	15.870682	77.149797	77.245317
1.000000E-5	15.872597	77.500934	77.529126
0.000000	15.818982	77.979950	78.030727
1.000000E-5	15.820897	77.027629	77.016206
0.000000	15.876427	77.748591	77.832912
1.000000E-5	15.884086	77.624569	77.689664
0.000000	15.857278	78.230626	78.302076
1.000000E-5	15.864938	77.500934	77.582566
0.000000	15.868767	77.766340	77.922706
1.000000E-5	15.868767	77.677674	77.707542
0.000000	15.863023	77.027629	77.086561
1.000000E-5	15.866853	77.114854	77.139409
0.000000	15.878342	77.659964	77.689664
1.000000E-5	15.889831	78.609640	78.648475
0.000000	15.845789	76.905835	77.016206
1.000000E-5	15.849619	77.272342	77.174681
0.000000	15.840045	78.212668	78.211420
1.000000E-5	15.838130	80.428066	80.427524
0.000000	15.889831	77.430458	77.475757
1.000000E-5	15.895575	77.873001	77.940689
0.000000	15.859193	77.571535	77.653933
1.000000E-5	15.874512	79.825036	79.989393
0.000000	15.843875	77.342538	77.404710
1.000000E-5	15.851534	78.519069	78.520501
0.000000	15.849619	79.231083	79.238827
1.000000E-5	15.849619	76.715194	76.753478
0.000000	15.864938	77.500934	77.475757
1.000000E-5	15.866853	78.537166	78.520501
0.000000	15.859193	77.695391	77.636079
1.000000E-5	15.864938	77.167281	77.262996
0.000000	15.815152	76.594352	76.631462
1.000000E-5	15.815152	76.319510	76.284894
0.000000	15.895575	78.033533	77.994688
1.000000E-5	15.893660	78.392616	78.447559
0.000000	15.876427	77.890806	77.994688
1.000000E-5	15.876427	77.483303	77.475757
0.000000	15.840045	78.519069	78.520501
1.000000E-5	15.841960	77.114854	77.157041
0.000000	15.884086	77.855204	77.886764
1.000000E-5	15.884086	77.219777	77.262996
0.000000	15.872597	77.219777	77.245317
1.000000E-5	15.876427	77.500934	77.564745
0.000000	15.872597	78.302540	78.302076
1.000000E-5	15.880256	78.609640	78.611869
0.000000	15.912809	77.944269	77.940689
1.000000E-5	15.912809	77.149797	77.209983
0.000000	15.851534	77.855204	77.868805
1.000000E-5	15.855364	76.114615	76.181509
0.000000	15.868767	76.836405	76.858361
1.000000E-5	15.868767	77.659964	77.707542
0.000000	15.893660	77.801862	77.832912
1.000000E-5	15.893660	78.591509	78.648475
0.000000	15.880256	78.087189	78.139044
1.000000E-5	15.882171	77.659964	77.707542
0.000000	15.864938	78.955712	78.924106
1.000000E-5	15.864938	79.323301	79.276019
0.000000	15.889831	77.624569	77.546931
1.000000E-5	15.889831	77.748591	77.761224
0.000000	15.866853	80.068906	80.122223
1.000000E-5	15.872597	78.482898	78.447559
0.000000	15.905149	78.140917	78.157126
1.000000E-5	15.899405	77.784097	77.761224
0.000000	15.876427	76.491064	76.544537
1.000000E-5	15.893660	79.194256	79.146002
0.000000	15.922383	79.843742	79.913691
1.000000E-5	15.918553	76.508260	76.527175
0.000000	15.893660	78.573386	78.648475
1.000000E-5	15.887916	77.045058	77.068961
0.000000	15.887916	77.695391	77.636079
1.000000E-5	15.884086	77.677674	77.689664
0.000000	15.847704	78.428704	78.502253
1.000000E-5	15.847704	77.430458	77.457983
0.000000	15.866853	78.974011	78.924106
1.000000E-5	15.864938	77.412858	77.404710
0.000000	15.882171	78.919141	78.868826
1.000000E-5	15.880256	77.589206	77.457983
0.000000	15.914723	78.069295	78.102906
1.000000E-5	15.908979	78.754986	78.703448
0.000000	15.882171	77.713116	77.868805
1.000000E-5	15.884086	78.392616	78.374751
0.000000	15.922383	78.230626	78.283928
1.000000E-5	15.922383	77.766340	77.779134
0.000000	15.897490	77.465680	77.529126
1.000000E-5	15.908979	78.700418	78.740139
0.000000	15.905149	76.923211	76.945975
1.000000E-5	15.901320	77.962105	77.994688
0.000000	15.916638	78.015664	77.940689
1.000000E-5	15.924298	78.464825	78.520501
0.000000	15.872597	79.286388	79.350507
1.000000E-5	15.872597	77.254813	77.333789
0.000000	15.924298	77.272342	77.316079
1.000000E-5	15.922383	78.864347	78.740139
0.000000	15.918553	78.176776	78.211420
1.000000E-5	15.912809	78.033533	78.066800
0.000000	15.872597	78.555272	78.593578
1.000000E-5	15.870682	76.114615	76.095559
0.000000	15.939616	77.873001	77.940689
1.000000E-5	15.939616	78.105090	78.193313
0.000000	15.937701	77.606883	77.671794
1.000000E-5	15.937701	77.801862	77.814978
0.000000	15.930042	79.083980	79.108932
1.000000E-5	15.933872	78.645926	78.648475
0.000000	15.920468	77.237291	77.192328
1.000000E-5	15.918553	76.594352	76.614062
0.000000	15.943446	78.609640	78.611869
1.000000E-5	15.949190	78.864347	78.887244
0.000000	15.941531	77.395267	77.422459
1.000000E-5	15.945361	76.923211	77.051368
0.000000	15.893660	76.370898	76.371254
1.000000E-5	15.901320	77.873001	77.958680
0.000000	15.899405	77.448065	77.511328
1.000000E-5	15.914723	77.536219	77.653933
0.000000	15.968339	78.573386	78.593578
1.000000E-5	15.966424	77.377683	77.404710
0.000000	15.939616	80.144247	80.141235
1.000000E-5	15.937701	77.979950	77.976680
0.000000	15.962594	78.919141	78.905670
1.000000E-5	15.962594	76.594352	76.753478
0.000000	15.956850	79.360249	79.387803
1.000000E-5	15.954935	78.827859	78.795239
0.000000	15.970254	78.105090	78.102906
1.000000E-5	15.975998	78.015664	77.976680
0.000000	15.954935	77.465680	77.457983
1.000000E-5	15.956850	78.302540	78.338397
0.000000	15.937701	78.645926	78.721789
1.000000E-5	15.933872	79.139080	79.090411
0.000000	15.951105	77.908619	77.922706
1.000000E-5	15.947276	78.682246	78.666791
0.000000	15.947276	77.430458	77.422459
1.000000E-5	15.947276	78.591509	78.557023
0.000000	15.964509	77.027629	77.104169
1.000000E-5	15.968339	79.694343	79.725069
0.000000	15.943446	78.537166	78.630168
1.000000E-5	15.945361	77.908619	77.886764
0.000000	15.960679	77.926440	78.030727
1.000000E-5	15.951105	77.784097	77.779134
0.000000	15.974083	77.962105	77.976680
1.000000E-5	15.972168	79.731640	79.725069
0.000000	15.935787	80.087728	80.141235
1.000000E-5	15.933872	76.611593	76.596670
0.000000	15.954935	76.819067	76.945975
1.000000E-5	15.960679	78.446761	78.411138
0.000000	15.939616	79.010633	79.164549
1.000000E-5	15.939616	77.784097	77.850855
0.000000	15.930042	79.267945	79.257419
1.000000E-5	15.930042	77.606883	77.582566
0.000000	15.962594	78.122999	78.193313
1.000000E-5	15.962594	78.194718	78.157126
0.000000	15.941531	77.997803	78.012703
1.000000E-5	15.943446	78.428704	78.447559
0.000000	15.947276	77.962105	77.994688
1.000000E-5	15.945361	78.320539	78.338397
0.000000	15.947276	78.284549	78.320232
1.000000E-5	15.943446	77.430458	77.457983
0.000000	15.985572	78.627779	78.648475
1.000000E-5	15.985572	79.731640	79.612327
0.000000	15.975998	78.664082	78.575297
1.000000E-5	15.974083	78.284549	78.283928
0.000000	15.977913	78.122999	78.157126
1.000000E-5	15.983657	79.508386	79.518620
0.000000	15.995146	77.873001	77.940689
1.000000E-5	15.989402	75.927716	75.975539
0.000000	15.998976	78.791406	78.832015
1.000000E-5	16.008550	79.120704	79.164549
0.000000	15.964509	79.047290	79.090411
1.000000E-5	15.972168	79.638464	79.631095
0.000000	16.002806	78.955712	78.961002
1.000000E-5	16.004721	78.519069	78.447559
0.000000	15.966424	78.428704	78.465782
1.000000E-5	15.964509	78.122999	78.247657
0.000000	15.970254	78.754986	78.832015
1.000000E-5	15.972168	77.677674	77.671794
0.000000	16.029613	76.715194	76.823369
1.000000E-5	16.033443	78.555272	78.484013
0.000000	15.964509	77.997803	78.120971
1.000000E-5	15.974083	78.500979	78.484013
0.000000	16.023869	81.098373	81.045316
1.000000E-5	16.012380	78.791406	78.795239
0.000000	16.029613	79.750301	79.706256
1.000000E-5	16.027699	78.051410	78.048760
0.000000	16.014295	79.047290	79.127463
1.000000E-5	16.020039	77.518573	77.582566
0.000000	16.033443	78.519069	78.502253
1.000000E-5	16.029613	77.412858	77.422459
0.000000	15.962594	77.962105	77.976680
1.000000E-5	15.964509	78.645926	78.703448
0.000000	15.991317	78.266567	78.229535
1.000000E-5	15.991317	78.302540	78.302076
0.000000	15.977913	79.899912	79.913691
1.000000E-5	15.979828	78.374585	78.374751
0.000000	16.008550	78.194718	78.211420
1.000000E-5	16.008550	78.919141	78.961002
0.000000	16.044932	78.194718	78.211420
1.000000E-5	16.043017	78.302540	78.320232
0.000000	16.029613	79.787651	79.743890
1.000000E-5	16.033443	77.536219	77.582566
0.000000	15.983657	78.428704	78.484013
1.000000E-5	15.983657	77.272342	77.245317
0.000000	16.027699	80.125398	80.179287
1.000000E-5	16.031528	78.069295	78.066800
0.000000	16.043017	78.754986	78.630168
1.000000E-5	16.043017	78.882603	78.961002
0.000000	16.031528	78.015664	77.976680
1.000000E-5	16.033443	77.855204	77.904731
0.000000	16.027699	78.105090	78.157126
1.000000E-5	16.027699	78.682246	78.666791
0.000000	16.010465	78.194718	78.211420
1.000000E-5	16.008550	78.846099	78.942549
0.000000	16.021954	75.961632	76.009793
1.000000E-5	16.033443	80.012494	79.970454
0.000000	16.033443	78.664082	78.740139
1.000000E-5	16.039188	78.410656	78.429344
0.000000	16.014295	77.890806	77.940689
1.000000E-5	16.010465	78.302540	78.302076
0.000000	15.987487	78.791406	78.703448
1.000000E-5	15.991317	78.573386	78.593578
0.000000	16.021954	80.200848	80.179287
1.000000E-5	16.023869	78.302540	78.229535
0.000000	16.048762	79.452770	79.443815
1.000000E-5	16.052591	78.537166	78.502253
0.000000	15.991317	78.974011	78.924106
1.000000E-5	15.993232	78.338546	78.302076
0.000000	16.029613	78.573386	78.593578
1.000000E-5	16.035358	78.645926	78.703448
0.000000	16.008550	79.047290	79.183106
1.000000E-5	16.010465	78.194718	78.175215
0.000000	16.037273	77.801862	77.779134
1.000000E-5	16.029613	77.307425	77.333789
0.000000	16.010465	78.464825	78.465782
1.000000E-5	16.012380	78.374585	78.374751
0.000000	16.037273	78.320539	78.265789
1.000000E-5	16.039188	78.519069	78.520501
0.000000	16.010465	79.267945	79.350507
1.000000E-5	16.010465	77.837416	77.850855
0.000000	16.058336	78.664082	78.593578
1.000000E-5	16.060251	78.015664	78.048760
0.000000	16.060251	77.962105	78.030727
1.000000E-5	16.056421	77.536219	77.618233
0.000000	16.060251	78.864347	78.868826
1.000000E-5	16.064080	78.974011	78.979463
0.000000	16.010465	77.677674	77.761224
1.000000E-5	16.014295	78.302540	78.247657
0.000000	16.037273	78.248592	78.229535
1.000000E-5	16.037273	78.900867	78.924106
0.000000	16.054506	78.320539	78.338397
1.000000E-5	16.044932	78.302540	78.356570
0.000000	16.004721	77.748591	77.850855
1.000000E-5	16.014295	79.194256	79.294628
0.000000	16.035358	76.302395	76.371254
1.000000E-5	16.039188	77.202270	77.262996
0.000000	16.037273	78.664082	78.666791
1.000000E-5	16.037273	77.677674	77.743322
0.000000	16.056421	78.900867	78.924106
1.000000E-5	16.052591	78.718599	78.776864
0.000000	16.025784	78.212668	78.247657
1.000000E-5	16.021954	77.890806	77.994688
0.000000	16.035358	78.194718	78.356570
1.000000E-5	16.048762	78.718599	78.740139
0.000000	16.002806	76.992792	77.016206
1.000000E-5	16.010465	77.944269	77.976680
0.000000	16.041102	78.410656	78.502253
1.000000E-5	16.050677	79.139080	79.238827
0.000000	16.031528	79.360249	79.313245
1.000000E-5	16.025784	78.754986	78.721789
0.000000	16.052591	77.713116	77.707542
1.000000E-5	16.054506	78.428704	78.465782
0.000000	16.056421	78.105090	78.139044
1.000000E-5	16.043017	78.937422	78.979463
0.000000	16.033443	80.106558	80.179287
1.000000E-5	16.023869	77.307425	77.209983
0.000000	16.056421	78.645926	78.758497
1.000000E-5	16.048762	76.992792	77.033783
0.000000	16.012380	79.102338	79.108932
1.000000E-5	16.012380	78.827859	78.776864
0.000000	16.052591	77.730850	77.761224
1.000000E-5	16.056421	78.158843	78.084849
0.000000	16.021954	78.754986	78.850416
1.000000E-5	16.023869	79.582664	79.574817
0.000000	16.046847	79.249510	79.294628
1.000000E-5	16.043017	76.663360	76.683709
0.000000	16.039188	79.267945	79.294628
1.000000E-5	16.041102	78.718599	78.740139
0.000000	16.029613	78.645926	78.648475
1.000000E-5	16.029613	79.918654	80.046265
0.000000	16.046847	78.446761	78.356570
1.000000E-5	16.048762	78.176776	78.247657
0.000000	16.056421	78.356561	78.265789
1.000000E-5	16.054506	78.864347	78.850416
0.000000	16.050677	79.378736	79.406465
1.000000E-5	16.041102	78.392616	78.374751
0.000000	16.058336	79.286388	79.164549
1.000000E-5	16.052591	78.773191	78.758497
0.000000	16.062166	78.374585	78.411138
1.000000E-5	16.056421	78.992318	79.108932
0.000000	16.023869	79.139080	79.016411
1.000000E-5	16.020039	77.962105	77.940689
0.000000	16.039188	76.784413	76.805885
1.000000E-5	16.029613	77.944269	78.084849
0.000000	16.067910	78.573386	78.666791
1.000000E-5	16.067910	79.120704	79.090411
0.000000	16.039188	78.919141	78.979463
1.000000E-5	16.029613	80.924915	80.967560
0.000000	16.029613	79.120704	79.164549
1.000000E-5	16.027699	77.748591	77.779134
0.000000	16.039188	78.212668	78.283928
1.000000E-5	16.037273	78.302540	78.320232
0.000000	16.077484	77.730850	77.868805
1.000000E-5	16.071740	77.079941	77.086561
0.000000	16.069825	78.645926	78.593578
1.000000E-5	16.065995	78.428704	78.429344
0.000000	16.071740	79.249510	79.257419
1.000000E-5	16.079399	80.371139	80.293663
0.000000	16.094718	78.482898	78.538758
1.000000E-5	16.100462	80.352181	80.312758
0.000000	16.119611	78.773191	78.776864
1.000000E-5	16.123440	78.627779	78.630168
0.000000	16.085144	79.545508	79.574817
1.000000E-5	16.083229	79.286388	79.294628
0.000000	16.052591	78.974011	78.961002
1.000000E-5	16.052591	77.944269	77.976680
0.000000	16.060251	76.114615	76.061230
1.000000E-5	16.067910	78.087189	78.120971
0.000000	16.075569	78.320539	78.320232
1.000000E-5	16.071740	77.659964	77.653933
0.000000	16.071740	77.395267	77.475757
1.000000E-5	16.077484	78.682246	78.648475
0.000000	16.079399	78.464825	78.520501
1.000000E-5	16.079399	77.377683	77.386968
0.000000	16.090888	79.471300	79.537344
1.000000E-5	16.088973	77.430458	77.422459
0.000000	16.096633	78.356561	78.411138
1.000000E-5	16.092803	78.627779	78.666791
0.000000	16.071740	78.464825	78.429344
1.000000E-5	16.079399	80.012494	80.008341
0.000000	16.092803	77.571535	77.582566
1.000000E-5	16.098547	79.175855	79.257419
0.000000	16.060251	78.482898	78.502253
1.000000E-5	16.050677	76.268187	76.371254
0.000000	16.083229	78.266567	78.338397
1.000000E-5	16.087058	78.718599	78.721789
0.000000	16.064080	80.031289	80.065241
1.000000E-5	16.064080	77.571535	77.618233
0.000000	16.092803	78.320539	78.338397
1.000000E-5	16.079399	77.254813	77.351508
0.000000	16.081314	77.536219	77.618233
1.000000E-5	16.092803	80.181972	80.141235
0.000000	16.111951	79.267945	79.294628
1.000000E-5	16.108122	78.900867	78.887244
0.000000	16.044932	78.356561	78.411138
1.000000E-5	16.048762	78.266567	78.338397
0.000000	16.087058	77.097393	77.192328
1.000000E-5	16.096633	79.619855	79.649871
0.000000	16.062166	77.430458	77.511328
1.000000E-5	16.069825	81.292004	81.338279
0.000000	16.073655	78.555272	78.538758
1.000000E-5	16.067910	79.956163	79.989393
0.000000	16.125355	78.736788	78.813623
1.000000E-5	16.123440	78.356561	78.283928
0.000000	16.062166	78.302540	78.374751
1.000000E-5	16.060251	77.713116	77.797052
0.000000	16.111951	78.773191	78.850416
1.000000E-5	16.117696	78.374585	78.484013
0.000000	16.069825	78.464825	78.502253
1.000000E-5	16.069825	77.730850	77.761224
0.000000	16.098547	78.392616	78.302076
1.000000E-5	16.098547	78.284549	78.338397
0.000000	16.108122	78.664082	78.703448
1.000000E-5	16.111951	78.864347	78.868826
0.000000	16.075569	78.105090	78.157126
1.000000E-5	16.075569	78.609640	78.575297
0.000000	16.104292	77.677674	77.653933
1.000000E-5	16.111951	78.519069	78.538758
0.000000	16.111951	77.448065	77.529126
1.000000E-5	16.125355	79.657082	79.612327
0.000000	16.123440	78.392616	78.392940
1.000000E-5	16.123440	78.919141	78.961002
0.000000	16.106207	79.139080	79.276019
1.000000E-5	16.108122	77.873001	77.868805
0.000000	16.200034	77.553873	77.636079
1.000000E-5	16.203863	79.638464	79.631095
0.000000	16.255564	78.338546	78.411138
1.000000E-5	16.261308	78.410656	78.447559
0.000000	16.297690	78.519069	78.575297
1.000000E-5	16.297690	78.302540	78.247657
0.000000	16.276627	76.888466	76.963521
1.000000E-5	16.280457	79.768972	79.800409
0.000000	16.240245	77.908619	77.958680
1.000000E-5	16.242160	78.069295	78.102906
0.000000	16.215352	77.324978	77.404710
1.000000E-5	16.221097	78.464825	78.502253
0.000000	16.198119	78.700418	78.740139
1.000000E-5	16.194289	79.065631	79.034898
0.000000	16.163652	77.237291	77.298377
1.000000E-5	16.169396	79.323301	79.387803
0.000000	16.079399	78.284549	78.320232
1.000000E-5	16.087058	78.773191	78.758497
0.000000	16.177056	78.974011	79.053394
1.000000E-5	16.175141	78.051410	78.048760
0.000000	16.200034	78.428704	78.392940
1.000000E-5	16.196204	78.392616	78.283928
0.000000	16.169396	78.900867	78.942549
1.000000E-5	16.169396	78.212668	78.283928
0.000000	16.117696	79.341771	79.369151
1.000000E-5	16.113866	78.809628	78.850416
0.000000	16.140674	78.428704	78.320232
1.000000E-5	16.144503	78.627779	78.648475
0.000000	16.146418	77.324978	77.316079
1.000000E-5	16.155992	79.010633	79.034898
0.000000	16.163652	78.773191	78.813623
1.000000E-5	16.167481	77.908619	77.850855
0.000000	16.054506	77.748591	77.868805
1.000000E-5	16.056421	79.974931	80.065241
0.000000	16.085144	77.062496	77.068961
1.000000E-5	16.092803	78.392616	78.338397
0.000000	16.161737	78.700418	78.740139
1.000000E-5	16.167481	78.609640	78.648475
0.000000	16.056421	79.619855	79.649871
1.000000E-5	16.064080	79.731640	79.706256
0.000000	15.998976	77.979950	78.084849
1.000000E-5	15.995146	81.623381	81.771944
0.000000	16.110036	78.537166	78.502253
1.000000E-5	16.113866	78.682246	78.685115
0.000000	16.106207	78.033533	78.048760
1.000000E-5	16.110036	79.231083	79.201671
0.000000	16.102377	78.609640	78.593578
1.000000E-5	16.106207	78.773191	78.758497
0.000000	16.108122	78.573386	78.648475
1.000000E-5	16.110036	78.338546	78.338397
0.000000	16.087058	78.537166	78.593578
1.000000E-5	16.092803	79.638464	79.687452
0.000000	16.067910	78.446761	78.502253
1.000000E-5	16.071740	79.139080	79.164549
0.000000	16.069825	78.664082	78.685115
1.000000E-5	16.067910	78.900867	78.924106
0.000000	16.043017	78.645926	78.703448
1.000000E-5	16.043017	78.194718	78.193313
0.000000	16.060251	78.754986	78.758497
1.000000E-5	16.054506	78.392616	78.392940
0.000000	16.020039	78.140917	78.229535
1.000000E-5	16.029613	79.619855	79.574817
0.000000	16.006635	79.323301	79.331872
1.000000E-5	16.006635	78.645926	78.630168
0.000000	15.998976	81.175711	81.220832
1.000000E-5	16.000891	79.601255	79.743890
0.000000	15.998976	79.047290	79.164549
1.000000E-5	15.987487	79.956163	79.970454
0.000000	15.954935	77.979950	77.994688
1.000000E-5	15.953020	78.284549	78.283928
0.000000	15.891745	77.801862	77.886764
1.000000E-5	15.891745	78.791406	78.868826
0.000000	15.931957	77.784097	77.832912
1.000000E-5	15.933872	78.974011	78.961002
0.000000	15.895575	79.102338	79.127463
1.000000E-5	15.895575	77.377683	77.386968
0.000000	15.876427	78.051410	78.102906
1.000000E-5	15.880256	78.519069	78.538758
0.000000	15.880256	78.609640	78.666791
1.000000E-5	15.876427	77.027629	77.033783
0.000000	15.803663	78.573386	78.648475
1.000000E-5	15.811322	81.040468	80.986985
0.000000	15.820897	77.873001	77.940689
1.000000E-5	15.824726	78.754986	78.832015
0.000000	15.773026	79.102338	79.016411
1.000000E-5	15.776855	76.456694	76.544537
0.000000	15.738559	78.900867	78.961002
1.000000E-5	15.732814	76.302395	76.405850
0.000000	15.740474	79.304841	79.220245
1.000000E-5	15.738559	78.248592	78.302076
0.000000	15.736644	78.105090	78.175215
1.000000E-5	15.742388	77.324978	77.422459
0.000000	15.700262	77.642263	77.707542
1.000000E-5	15.700262	78.320539	78.283928
0.000000	15.646647	78.266567	78.283928
1.000000E-5	15.646647	76.784413	76.875868
0.000000	15.646647	78.194718	78.193313
1.000000E-5	15.646647	77.097393	77.121785
0.000000	15.640902	77.027629	77.033783
1.000000E-5	15.644732	80.276442	80.255501
0.000000	15.581542	77.412858	77.386968
1.000000E-5	15.573883	78.428704	78.392940
0.000000	15.564309	78.122999	78.120971
1.000000E-5	15.560479	78.392616	78.356570
0.000000	15.520268	78.700418	78.721789
1.000000E-5	15.527927	76.767097	76.893384
0.000000	15.504949	78.864347	78.850416
1.000000E-5	15.499204	77.324978	77.316079
0.000000	15.504949	77.167281	77.227646
1.000000E-5	15.504949	77.518573	77.475757
0.000000	15.457078	78.882603	78.740139
1.000000E-5	15.455163	77.149797	77.192328
0.000000	15.424526	76.715194	76.770939
1.000000E-5	15.436015	79.545508	79.556076
0.000000	15.418781	77.518573	77.511328
1.000000E-5	15.418781	76.182796	76.233168
0.000000	15.378570	78.033533	78.102906
1.000000E-5	15.374740	77.483303	77.493538
0.000000	15.368996	79.028957	79.016411
1.000000E-5	15.370911	75.978601	76.044077
0.000000	15.357507	76.131649	76.198721
1.000000E-5	15.359422	78.682246	78.703448
0.000000	15.301977	76.836405	76.893384
1.000000E-5	15.307721	77.097393	77.033783
0.000000	15.303891	77.500934	77.529126
1.000000E-5	15.301977	76.888466	76.910906
0.000000	15.282828	75.372213	75.482125
1.000000E-5	15.286658	77.500934	77.582566
0.000000	15.267510	76.923211	77.016206
1.000000E-5	15.273254	78.015664	78.048760
0.000000	15.233043	78.392616	78.374751
1.000000E-5	15.229213	76.697909	76.736024
0.000000	15.229213	76.646097	76.718578
1.000000E-5	15.233043	76.199860	76.250402
0.000000	15.210064	76.029552	76.044077
1.000000E-5	15.219639	77.589206	77.564745
0.000000	15.131556	77.677674	77.653933
1.000000E-5	15.133471	77.801862	77.814978
0.000000	15.121982	77.149797	77.192328
1.000000E-5	15.118152	76.012561	76.061230
0.000000	15.099004	77.571535	77.582566
1.000000E-5	15.089430	76.302395	76.405850
0.000000	15.087515	75.272037	75.262902
1.000000E-5	15.095174	77.289880	77.333789
0.000000	15.100919	78.446761	78.465782
1.000000E-5	15.097089	75.707958	75.770627
0.000000	15.030070	78.591509	78.593578
1.000000E-5	15.033900	79.397231	79.443815
0.000000	15.189001	76.080568	76.095559
1.000000E-5	15.194746	77.465680	77.511328
0.000000	15.141130	77.483303	77.564745
1.000000E-5	15.135386	76.697909	76.753478
0.000000	15.003262	76.456694	76.579285
1.000000E-5	15.010922	75.843050	75.924212
0.000000	15.003262	77.324978	77.333789
1.000000E-5	15.003262	75.707958	75.753599
0.000000	14.936243	77.114854	77.139409
1.000000E-5	14.934328	77.254813	77.245317
0.000000	14.974540	76.732488	76.840861
1.000000E-5	14.980284	77.010207	77.068961
0.000000	14.957306	75.944670	75.992662
1.000000E-5	14.963051	76.559893	76.596670
0.000000	14.945817	76.628841	76.770939
1.000000E-5	14.945817	76.405194	76.405850
0.000000	14.968795	78.482898	78.502253
1.000000E-5	14.959221	76.853751	76.858361
0.000000	14.896032	77.713116	77.636079
1.000000E-5	14.880713	76.148691	76.198721
0.000000	14.896032	78.122999	78.157126
1.000000E-5	14.894117	75.255365	75.363933
0.000000	14.873054	78.627779	78.666791
1.000000E-5	14.863480	75.072435	75.162127
0.000000	14.892202	77.114854	77.139409
1.000000E-5	14.896032	76.697909	76.753478
0.000000	14.863480	75.255365	75.296551
1.000000E-5	14.865394	77.465680	77.351508
0.000000	14.865394	76.888466	76.981075
1.000000E-5	14.855820	76.456694	76.544537
0.000000	14.873054	76.439520	76.509820
1.000000E-5	14.871139	74.989560	75.011438
0.000000	14.907521	76.542674	76.457801
1.000000E-5	14.911350	75.944670	76.026932
0.000000	14.890287	76.216931	76.198721
1.000000E-5	14.873054	74.544979	74.728343
0.000000	14.886458	76.975386	76.998637
1.000000E-5	14.888372	76.784413	76.875868
0.000000	14.844331	75.556523	75.702557
1.000000E-5	14.850076	77.377683	77.457983
0.000000	14.844331	76.080568	76.112734
1.000000E-5	14.851991	75.039264	75.095084
0.000000	14.850076	77.010207	77.068961
1.000000E-5	14.853905	76.131649	76.164304
0.000000	14.882628	77.536219	77.618233
1.000000E-5	14.880713	76.268187	76.250402
0.000000	14.901776	77.748591	77.725428
1.000000E-5	14.896032	76.046550	76.061230
0.000000	15.022411	77.184772	77.192328
1.000000E-5	15.022411	77.642263	77.618233
0.000000	15.129641	77.483303	77.493538
1.000000E-5	15.125812	77.430458	77.386968
0.000000	15.190916	76.473875	76.492473
1.000000E-5	15.192831	76.422353	76.527175
0.000000	15.286658	77.114854	77.033783
1.000000E-5	15.284743	76.663360	76.631462
0.000000	15.334529	76.456694	76.509820
1.000000E-5	15.332614	76.508260	76.561907
0.000000	15.457078	76.594352	76.614062
1.000000E-5	15.455163	76.577118	76.614062
0.000000	15.324955	76.012561	76.112734
1.000000E-5	15.321125	77.132322	77.104169
0.000000	15.403463	77.202270	77.209983
1.000000E-5	15.399633	77.254813	77.245317
0.000000	15.346018	76.216931	76.233168
1.000000E-5	15.351762	76.767097	76.823369
0.000000	15.332614	76.628841	76.561907
1.000000E-5	15.328784	76.992792	77.051368
0.000000	15.380485	79.415736	79.518620
1.000000E-5	15.376655	76.422353	76.457801
0.000000	15.363251	77.307425	77.386968
1.000000E-5	15.365166	76.853751	76.753478
0.000000	15.319210	76.957987	77.086561
1.000000E-5	15.313466	78.105090	78.102906
0.000000	15.317295	76.836405	76.945975
1.000000E-5	15.324955	76.715194	76.648870
0.000000	15.317295	76.767097	76.858361
1.000000E-5	15.323040	79.047290	78.961002
0.000000	15.309636	77.412858	77.298377
1.000000E-5	15.307721	77.237291	77.227646
0.000000	15.347933	77.730850	77.725428
1.000000E-5	15.338358	74.725509	74.761544
0.000000	15.313466	76.114615	76.181509
1.000000E-5	15.311551	77.500934	77.582566
0.000000	15.305806	77.010207	77.016206
1.000000E-5	15.307721	76.836405	76.893384
0.000000	15.332614	76.784413	76.875868
1.000000E-5	15.328784	76.559893	76.614062
0.000000	15.347933	76.525463	76.527175
1.000000E-5	15.355592	77.062496	77.139409
0.000000	15.321125	76.871105	76.910906
1.000000E-5	15.321125	77.571535	77.564745
0.000000	15.336444	75.826138	75.736577
1.000000E-5	15.338358	77.395267	77.440217
0.000000	15.301977	77.465680	77.457983
1.000000E-5	15.301977	77.272342	77.316079
0.000000	15.305806	76.940595	76.981075
1.000000E-5	15.303891	78.140917	78.175215
0.000000	15.300062	76.957987	76.981075
1.000000E-5	15.303891	77.748591	77.779134
0.000000	15.288573	77.097393	77.139409
1.000000E-5	15.288573	77.377683	77.404710
0.000000	15.269424	77.553873	77.564745
1.000000E-5	15.282828	77.500934	77.493538
0.000000	15.301977	76.508260	76.614062
1.000000E-5	15.303891	76.268187	76.302151
0.000000	15.246446	77.097393	77.016206
1.000000E-5	15.252191	76.542674	76.544537
0.000000	15.202405	76.559893	76.631462
1.000000E-5	15.210064	77.149797	77.157041
0.000000	15.267510	75.674256	75.668565
1.000000E-5	15.267510	77.045058	77.104169
0.000000	15.263680	77.659964	77.707542
1.000000E-5	15.271339	78.122999	78.139044
0.000000	15.240702	76.114615	76.164304
1.000000E-5	15.238787	78.573386	78.611869
0.000000	15.292402	77.324978	77.227646
1.000000E-5	15.282828	76.456694	76.492473
0.000000	15.290488	77.114854	77.104169
1.000000E-5	15.284743	77.184772	77.262996
0.000000	15.305806	78.140917	78.120971
1.000000E-5	15.305806	76.749788	76.823369
0.000000	15.344103	80.012494	79.951524
1.000000E-5	15.342188	75.272037	75.296551
0.000000	15.323040	77.360107	77.404710
1.000000E-5	15.317295	76.697909	76.666286
0.000000	15.280913	77.500934	77.546931
1.000000E-5	15.273254	75.876895	75.992662
0.000000	15.301977	76.046550	76.044077
1.000000E-5	15.317295	77.926440	77.940689
0.000000	15.344103	75.606937	75.651580
1.000000E-5	15.347933	76.836405	76.858361
0.000000	15.347933	76.923211	76.945975
1.000000E-5	15.351762	77.377683	77.386968
0.000000	15.324955	75.539732	75.617631
1.000000E-5	15.334529	78.392616	78.411138
0.000000	15.338358	77.518573	77.564745
1.000000E-5	15.340273	76.888466	76.945975
0.000000	15.324955	77.045058	76.945975
1.000000E-5	15.323040	77.412858	77.386968
0.000000	15.342188	76.594352	76.631462
1.000000E-5	15.346018	75.674256	75.532886
0.000000	15.330699	77.289880	77.316079
1.000000E-5	15.340273	79.378736	79.350507
0.000000	15.347933	76.165740	76.147106
1.000000E-5	15.351762	78.158843	78.283928
0.000000	15.328784	75.961632	76.009793
1.000000E-5	15.324955	76.628841	76.648870
0.000000	15.307721	76.784413	76.840861
1.000000E-5	15.309636	76.836405	76.893384
0.000000	15.338358	77.377683	77.351508
1.000000E-5	15.336444	76.680631	76.736024
0.000000	15.326869	77.926440	77.976680
1.000000E-5	15.326869	77.979950	77.922706
0.000000	15.311551	78.609640	78.648475
1.000000E-5	15.309636	75.724819	75.719563
0.000000	15.344103	76.097588	76.061230
1.000000E-5	15.346018	76.749788	76.805885
0.000000	15.265595	76.923211	76.945975
1.000000E-5	15.273254	77.324978	77.404710
0.000000	15.307721	74.807838	75.028153
1.000000E-5	15.321125	79.564082	79.556076
0.000000	15.290488	78.664082	78.648475
1.000000E-5	15.278999	77.500934	77.493538
0.000000	15.290488	76.871105	76.875868
1.000000E-5	15.288573	75.978601	76.078391
0.000000	15.294317	76.992792	77.016206
1.000000E-5	15.292402	76.784413	76.858361
0.000000	15.311551	78.087189	78.066800
1.000000E-5	15.317295	76.594352	76.683709
0.000000	15.278999	77.677674	77.725428
1.000000E-5	15.275169	76.559893	76.596670
0.000000	15.347933	74.956459	75.028153
1.000000E-5	15.357507	77.659964	77.743322
0.000000	15.311551	77.342538	77.369234
1.000000E-5	15.311551	76.819067	76.858361
0.000000	15.332614	76.542674	76.579285
1.000000E-5	15.324955	77.606883	77.582566
0.000000	15.294317	78.140917	78.211420
1.000000E-5	15.292402	77.430458	77.440217
0.000000	15.347933	76.422353	76.492473
1.000000E-5	15.344103	74.316382	74.332053
0.000000	15.359422	76.491064	76.544537
1.000000E-5	15.363251	76.439520	76.492473
0.000000	15.353677	76.611593	76.666286
1.000000E-5	15.353677	76.888466	76.928437
0.000000	15.340273	75.674256	75.736577
1.000000E-5	15.334529	76.285287	76.302151
0.000000	15.355592	76.456694	76.561907
1.000000E-5	15.351762	76.114615	76.215941
0.000000	15.363251	76.216931	76.233168
1.000000E-5	15.370911	79.564082	79.649871
0.000000	15.338358	76.216931	76.215941
1.000000E-5	15.346018	77.184772	77.280682
0.000000	15.370911	76.388042	76.388548
1.000000E-5	15.372825	77.062496	77.104169
0.000000	15.346018	76.577118	76.648870
1.000000E-5	15.346018	77.677674	77.653933
0.000000	15.361336	78.446761	78.447559
1.000000E-5	15.349847	74.283831	74.348487
0.000000	15.323040	76.732488	76.753478
1.000000E-5	15.323040	76.628841	76.614062
0.000000	15.380485	75.961632	76.044077
1.000000E-5	15.386229	75.674256	75.685557
0.000000	15.346018	76.148691	76.233168
1.000000E-5	15.351762	76.646097	76.614062
0.000000	15.386229	76.422353	76.492473
1.000000E-5	15.384314	76.715194	76.788408
0.000000	15.340273	76.525463	76.596670
1.000000E-5	15.351762	76.405194	76.405850
0.000000	15.370911	76.046550	76.112734
1.000000E-5	15.386229	77.272342	77.280682
0.000000	15.355592	76.491064	76.492473
1.000000E-5	15.357507	77.360107	77.369234
0.000000	15.349847	77.465680	77.546931
1.000000E-5	15.342188	76.836405	76.875868
0.000000	15.332614	76.216931	76.267644
1.000000E-5	15.336444	77.873001	77.904731
0.000000	15.332614	75.775447	75.838814
1.000000E-5	15.342188	77.045058	77.104169
0.000000	15.336444	76.992792	77.033783
1.000000E-5	15.334529	76.559893	76.579285
0.000000	15.357507	76.080568	76.061230
1.000000E-5	15.355592	75.338793	75.465219
0.000000	15.323040	75.188748	75.145356
1.000000E-5	15.321125	77.448065	77.493538
0.000000	15.344103	74.610532	74.695168
1.000000E-5	15.347933	77.873001	77.958680
0.000000	15.367081	76.923211	76.998637
1.000000E-5	15.365166	76.697909	76.683709
0.000000	15.332614	76.063556	76.078391
1.000000E-5	15.334529	75.826138	75.890031
0.000000	15.372825	76.234009	76.181509
1.000000E-5	15.368996	76.715194	76.805885
0.000000	15.370911	76.871105	76.893384
1.000000E-5	15.376655	76.577118	76.544537
0.000000	15.399633	78.519069	78.557023
1.000000E-5	15.401548	76.063556	76.164304
0.000000	15.353677	76.784413	76.945975
1.000000E-5	15.355592	77.412858	77.457983
0.000000	15.413037	78.212668	78.265789
1.000000E-5	15.405378	75.657416	75.736577
0.000000	15.340273	76.905835	76.981075
1.000000E-5	15.349847	77.784097	77.779134
0.000000	15.370911	75.927716	75.958423
1.000000E-5	15.365166	75.623756	75.634602
0.000000	15.409207	77.908619	77.994688
1.000000E-5	15.409207	76.992792	77.051368
0.000000	15.367081	74.725509	74.811398
1.000000E-5	15.368996	75.843050	75.804706
0.000000	15.378570	76.819067	76.858361
1.000000E-5	15.376655	76.439520	76.440477
0.000000	15.393889	76.732488	76.805885
1.000000E-5	15.386229	75.322093	75.431428
0.000000	15.361336	76.819067	76.840861
1.000000E-5	15.368996	76.611593	76.666286
0.000000	15.346018	76.646097	76.736024
1.000000E-5	15.347933	76.353761	76.405850
0.000000	15.353677	76.819067	76.875868
1.000000E-5	15.363251	76.888466	76.910906
0.000000	15.370911	75.741688	75.753599
1.000000E-5	15.384314	79.881180	79.875894
0.000000	15.357507	77.079941	77.139409
1.000000E-5	15.357507	76.353761	76.371254
0.000000	15.416867	76.628841	76.718578
1.000000E-5	15.428356	79.212665	79.183106
0.000000	15.368996	76.012561	76.129916
1.000000E-5	15.367081	76.992792	77.016206
0.000000	15.365166	76.473875	76.509820
1.000000E-5	15.363251	76.046550	76.129916
0.000000	15.370911	76.819067	76.893384
1.000000E-5	15.367081	75.809234	75.855879
0.000000	15.378570	77.624569	77.636079
1.000000E-5	15.370911	74.528607	74.562746
0.000000	15.355592	76.353761	76.388548
1.000000E-5	15.351762	76.923211	76.945975
0.000000	15.317295	75.556523	75.651580
1.000000E-5	15.334529	77.132322	77.157041
0.000000	15.324955	76.888466	76.840861
1.000000E-5	15.319210	76.302395	76.336687
0.000000	15.368996	76.542674	76.561907
1.000000E-5	15.374740	76.508260	76.509820
0.000000	15.368996	76.336632	76.423160
1.000000E-5	15.368996	78.809628	78.721789
0.000000	15.386229	76.508260	76.579285
1.000000E-5	15.384314	76.611593	76.666286
0.000000	15.319210	75.859969	75.941314
1.000000E-5	15.319210	74.544979	74.513200
0.000000	15.374740	76.784413	76.770939
1.000000E-5	15.365166	75.172111	75.145356
0.000000	15.382400	77.097393	77.192328
1.000000E-5	15.380485	75.172111	75.262902
0.000000	15.390059	78.194718	78.265789
1.000000E-5	15.386229	74.283831	74.348487
0.000000	15.315380	74.774886	74.728343
1.000000E-5	15.326869	77.536219	77.564745
0.000000	15.346018	75.522949	75.617631
1.000000E-5	15.347933	76.182796	76.198721
0.000000	15.349847	75.843050	75.907118
1.000000E-5	15.349847	76.046550	76.112734
0.000000	15.370911	77.237291	77.298377
1.000000E-5	15.372825	76.715194	76.736024
0.000000	15.355592	76.251094	76.215941
1.000000E-5	15.359422	76.525463	76.544537
0.000000	15.374740	75.288715	75.397666
1.000000E-5	15.376655	74.741962	74.761544
0.000000	15.347933	76.559893	76.561907
1.000000E-5	15.347933	76.439520	76.492473
0.000000	15.397718	76.405194	76.457801
1.000000E-5	15.403463	76.680631	76.683709
0.000000	15.380485	76.577118	76.631462
1.000000E-5	15.380485	77.465680	77.422459
0.000000	15.332614	75.288715	75.397666
1.000000E-5	15.347933	78.266567	78.247657
0.000000	15.393889	76.905835	76.945975
1.000000E-5	15.397718	76.285287	76.250402
0.000000	15.370911	75.506172	75.549820
1.000000E-5	15.370911	76.353761	76.388548
0.000000	15.363251	76.439520	76.423160
1.000000E-5	15.357507	76.525463	76.631462
0.000000	15.346018	76.508260	76.423160
1.000000E-5	15.346018	75.623756	75.651580
0.000000	15.347933	76.525463	76.544537
1.000000E-5	15.351762	75.556523	75.634602
0.000000	15.376655	76.063556	76.095559
1.000000E-5	15.382400	76.131649	76.112734
0.000000	15.359422	75.775447	75.872952
1.000000E-5	15.361336	76.715194	76.770939
0.000000	15.349847	76.405194	76.423160
1.000000E-5	15.353677	76.199860	76.147106
0.000000	15.355592	75.039264	75.028153
1.000000E-5	15.359422	76.046550	76.164304
0.000000	15.355592	76.697909	76.770939
1.000000E-5	15.363251	77.062496	77.068961
0.000000	15.351762	77.289880	77.333789
1.000000E-5	15.363251	76.836405	76.875868
0.000000	15.388144	77.377683	77.333789
1.000000E-5	15.397718	76.114615	76.164304
0.000000	15.405378	76.732488	76.753478
1.000000E-5	15.401548	76.388042	76.457801
0.000000	15.386229	76.715194	76.753478
1.000000E-5	15.386229	76.594352	76.666286
0.000000	15.393889	75.188748	75.313386
1.000000E-5	15.401548	76.080568	76.129916
0.000000	15.395803	75.506172	75.532886
1.000000E-5	15.397718	76.923211	76.893384
0.000000	15.344103	76.473875	76.527175
1.000000E-5	15.342188	76.905835	76.963521
0.000000	15.393889	76.422353	76.475133
1.000000E-5	15.401548	76.097588	76.129916
0.000000	15.365166	76.216931	76.284894
1.000000E-5	15.372825	77.395267	77.404710
0.000000	15.363251	77.855204	77.922706
1.000000E-5	15.359422	76.388042	76.371254
0.000000	15.363251	77.571535	77.618233
1.000000E-5	15.361336	76.542674	76.596670
0.000000	15.315380	76.542674	76.666286
1.000000E-5	15.307721	76.319510	76.319415
0.000000	15.365166	78.212668	78.193313
1.000000E-5	15.363251	76.319510	76.319415
0.000000	15.367081	76.216931	76.250402
1.000000E-5	15.367081	76.302395	76.336687
0.000000	15.363251	76.697909	76.683709
1.000000E-5	15.368996	76.611593	76.648870
0.000000	15.376655	77.890806	78.030727
1.000000E-5	15.382400	76.353761	76.388548
0.000000	15.386229	76.594352	76.596670
1.000000E-5	15.384314	76.646097	76.631462
0.000000	15.386229	77.027629	76.963521
1.000000E-5	15.376655	75.640582	75.617631
0.000000	15.315380	76.905835	76.981075
1.000000E-5	15.317295	74.857317	74.911293
0.000000	15.363251	76.542674	76.631462
1.000000E-5	15.355592	76.508260	76.457801
0.000000	15.382400	78.212668	78.229535
1.000000E-5	15.372825	76.388042	76.284894
0.000000	15.363251	77.079941	77.086561
1.000000E-5	15.368996	76.888466	76.823369
0.000000	15.395803	78.176776	78.229535
1.000000E-5	15.391974	74.791359	74.761544
0.000000	15.359422	77.766340	77.743322
1.000000E-5	15.361336	75.556523	75.634602
0.000000	15.357507	76.628841	76.666286
1.000000E-5	15.351762	78.464825	78.502253
0.000000	15.365166	75.826138	75.855879
1.000000E-5	15.355592	76.046550	76.061230
0.000000	15.361336	76.628841	76.614062
1.000000E-5	15.363251	77.219777	77.245317
0.000000	15.351762	75.876895	75.924212
1.000000E-5	15.349847	75.944670	76.044077
0.000000	15.353677	76.508260	76.509820
1.000000E-5	15.357507	76.905835	76.875868
0.000000	15.378570	75.741688	75.634602
1.000000E-5	15.376655	77.624569	77.653933
0.000000	15.388144	76.097588	76.078391
1.000000E-5	15.386229	76.165740	76.215941
0.000000	15.397718	76.131649	76.147106
1.000000E-5	15.397718	75.961632	75.975539
0.000000	15.357507	77.079941	77.104169
1.000000E-5	15.355592	76.697909	76.788408
0.000000	15.372825	76.422353	76.319415
1.000000E-5	15.376655	76.611593	76.596670
0.000000	15.367081	75.623756	75.617631
1.000000E-5	15.363251	75.355499	75.397666
0.000000	15.384314	76.732488	76.753478
1.000000E-5	15.386229	76.012561	76.164304
0.000000	15.363251	76.456694	76.509820
1.000000E-5	15.367081	76.353761	76.423160
0.000000	15.349847	76.940595	77.016206
1.000000E-5	15.367081	79.712987	79.556076
0.000000	15.363251	75.388933	75.448320
1.000000E-5	15.361336	77.167281	77.192328
0.000000	15.344103	76.216931	76.267644
1.000000E-5	15.355592	77.062496	77.104169
0.000000	15.367081	76.525463	76.579285
1.000000E-5	15.368996	76.663360	76.683709
0.000000	15.380485	76.819067	76.770939
1.000000E-5	15.374740	76.029552	76.095559
0.000000	15.347933	75.961632	75.975539
1.000000E-5	15.347933	76.542674	76.544537
0.000000	15.378570	77.784097	77.832912
1.000000E-5	15.378570	75.809234	75.872952
0.000000	15.347933	74.300103	74.315626
1.000000E-5	15.346018	75.741688	75.821757
0.000000	15.349847	76.165740	76.215941
1.000000E-5	15.353677	76.029552	76.044077
0.000000	15.359422	75.522949	75.583711
1.000000E-5	15.363251	78.392616	78.429344
0.000000	15.361336	77.677674	77.743322
1.000000E-5	15.367081	77.624569	77.689664
0.000000	15.347933	76.542674	76.614062
1.000000E-5	15.336444	75.472640	75.549820
0.000000	15.324955	76.097588	76.061230
1.000000E-5	15.324955	76.080568	76.078391
0.000000	15.338358	77.272342	77.157041
1.000000E-5	15.330699	75.006121	75.061605
0.000000	15.357507	73.638300	73.712490
1.000000E-5	15.367081	77.027629	77.139409
0.000000	15.346018	76.542674	76.561907
1.000000E-5	15.347933	77.536219	77.600396
0.000000	15.301977	76.456694	76.527175
1.000000E-5	15.311551	74.939918	74.927967
0.000000	15.363251	77.360107	77.298377
1.000000E-5	15.361336	75.288715	75.296551
0.000000	15.328784	75.978601	75.958423
1.000000E-5	15.332614	76.577118	76.648870
0.000000	15.363251	77.114854	77.104169
1.000000E-5	15.361336	76.525463	76.596670
0.000000	15.338358	77.132322	77.192328
1.000000E-5	15.328784	75.623756	75.702557
0.000000	15.340273	77.571535	77.457983
1.000000E-5	15.326869	75.522949	75.617631
0.000000	15.355592	76.456694	76.527175
1.000000E-5	15.363251	76.628841	76.701140
0.000000	15.300062	76.216931	76.267644
1.000000E-5	15.305806	75.741688	75.753599
0.000000	15.361336	78.194718	78.139044
1.000000E-5	15.351762	76.594352	76.596670
0.000000	15.305806	76.905835	76.945975
1.000000E-5	15.313466	76.559893	76.475133
0.000000	15.321125	75.305401	75.347077
1.000000E-5	15.332614	77.784097	77.689664
0.000000	15.336444	76.940595	76.788408
1.000000E-5	15.342188	75.792337	75.804706
0.000000	15.317295	75.843050	75.872952
1.000000E-5	15.319210	76.388042	76.267644
0.000000	15.317295	77.571535	77.600396
1.000000E-5	15.324955	76.577118	76.701140
0.000000	15.323040	74.989560	75.061605
1.000000E-5	15.330699	76.388042	76.440477
0.000000	15.313466	77.045058	77.086561
1.000000E-5	15.311551	74.659768	74.728343
0.000000	15.303891	77.571535	77.582566
1.000000E-5	15.294317	74.659768	74.662022
0.000000	15.324955	77.500934	77.511328
1.000000E-5	15.313466	72.798618	72.895691
0.000000	15.334529	77.819635	77.832912
1.000000E-5	15.332614	76.715194	76.701140
0.000000	15.309636	76.611593	76.736024
1.000000E-5	15.315380	77.114854	77.139409
0.000000	15.334529	75.876895	75.890031
1.000000E-5	15.330699	76.801736	76.840861
0.000000	15.278999	76.131649	76.198721
1.000000E-5	15.275169	76.559893	76.596670
0.000000	15.282828	77.377683	77.369234
1.000000E-5	15.278999	75.355499	75.414544
0.000000	15.290488	76.680631	76.753478
1.000000E-5	15.290488	76.182796	76.233168
0.000000	15.269424	75.657416	75.702557
1.000000E-5	15.265595	76.594352	76.614062
0.000000	15.286658	75.472640	75.515958
1.000000E-5	15.288573	74.774886	74.811398
0.000000	15.259850	76.853751	76.910906
1.000000E-5	15.259850	76.114615	76.181509
0.000000	15.265595	76.268187	76.353967
1.000000E-5	15.278999	77.167281	77.227646
0.000000	15.374740	76.353761	76.423160
1.000000E-5	15.370911	75.741688	75.890031
0.000000	15.355592	75.405660	75.482125
1.000000E-5	15.363251	76.268187	76.233168
0.000000	15.376655	76.216931	76.250402
1.000000E-5	15.382400	76.732488	76.753478
0.000000	15.405378	75.489403	75.600668
1.000000E-5	15.416867	76.012561	76.112734
0.000000	15.596861	76.097588	76.147106
1.000000E-5	15.589202	76.251094	76.250402
0.000000	15.711751	76.577118	76.614062
1.000000E-5	15.709836	76.697909	76.579285
0.000000	15.589202	76.370898	76.423160
1.000000E-5	15.589202	75.961632	75.958423
0.000000	15.694517	76.234009	76.267644
1.000000E-5	15.688773	76.046550	76.147106
0.000000	15.834300	75.961632	76.061230
1.000000E-5	15.828556	76.046550	76.061230
0.000000	15.713666	73.863058	73.972195
1.000000E-5	15.734729	77.254813	77.192328
0.000000	15.550905	76.080568	76.095559
1.000000E-5	15.550905	75.775447	75.890031
0.000000	15.501119	73.319379	73.358112
1.000000E-5	15.510693	76.285287	76.336687
0.000000	15.462823	75.255365	75.313386
1.000000E-5	15.458993	76.131649	76.026932
0.000000	15.367081	76.319510	76.423160
1.000000E-5	15.365166	74.857317	74.927967
0.000000	15.311551	76.975386	76.963521
1.000000E-5	15.301977	75.105633	75.145356
0.000000	15.225383	74.040540	74.119020
1.000000E-5	15.229213	76.594352	76.631462
0.000000	15.167938	76.405194	76.440477
1.000000E-5	15.164108	75.089030	75.095084
0.000000	15.116238	76.456694	76.509820
1.000000E-5	15.121982	73.992058	74.053698
0.000000	14.897947	74.873824	74.894627
1.000000E-5	14.907521	74.626937	74.695168
0.000000	14.677741	74.857317	74.927967
1.000000E-5	14.681570	75.305401	75.279723
0.000000	14.562851	75.506172	75.397666
1.000000E-5	14.564765	74.676193	74.711752
0.000000	14.478598	74.741962	74.828030
1.000000E-5	14.480513	74.218809	74.249983
0.000000	14.453705	74.626937	74.645459
1.000000E-5	14.459450	75.072435	75.145356
0.000000	14.482428	74.089080	74.135367
1.000000E-5	14.484342	75.272037	75.246089
0.000000	14.507320	76.957987	76.963521
1.000000E-5	14.503491	74.365257	74.397830
0.000000	14.350304	72.083735	72.126198
1.000000E-5	14.363708	74.137680	74.151721
0.000000	11.615921	73.113427	73.134212
1.000000E-5	11.625495	76.611593	76.666286
0.000000	8.684310	72.861383	72.943283
1.000000E-5	8.699629	73.574313	73.518806
0.000000	5.915460	72.735949	72.737457
1.000000E-5	5.905886	71.350986	71.371059
0.000000	3.719146	70.974519	71.006258
1.000000E-5	3.728720	69.807240	69.857424
0.000000	1.991965	69.719933	69.842715
1.000000E-5	1.993880	68.418054	68.454608
0.000000	1.499853	66.694147	66.728067
1.000000E-5	1.509427	67.306534	67.318683
0.000000	1.304540	64.458341	64.510236
1.000000E-5	1.308370	63.999714	64.072656
0.000000	1.197309	61.061786	61.093081
1.000000E-5	1.212628	63.395809	63.374208
0.000000	1.260499	59.652795	59.682530
1.000000E-5	1.262414	59.974843	59.984324
0.000000	1.170502	57.768111	57.780462
1.000000E-5	1.168587	57.157097	57.218676
0.000000	1.239436	56.919295	56.945818
1.000000E-5	1.231776	55.822154	55.743068
0.000000	1.239436	54.402167	54.467676
1.000000E-5	1.245180	54.637554	54.622615
0.000000	1.183905	53.252528	53.216043
1.000000E-5	1.174331	52.589612	52.656937
0.000000	1.122631	49.857294	49.925854
1.000000E-5	1.137949	51.838864	51.810761
0.000000	1.224117	49.560740	49.588989
1.000000E-5	1.233691	50.833410	50.835410
0.000000	1.249010	50.380518	50.359611
1.000000E-5	1.254754	48.863308	48.839141
0.000000	1.078590	47.665157	47.667111
1.000000E-5	1.088164	48.436720	48.527643
0.000000	1.053697	48.908899	48.875912
1.000000E-5	1.051782	47.933008	48.000572
0.000000	0.722430	47.071852	47.033106
1.000000E-5	0.718601	46.685810	46.670423
0.000000	0.774131	46.415493	46.450479
1.000000E-5	0.776046	46.607190	46.617554
0.000000	0.680304	46.060056	46.117881
1.000000E-5	0.664985	45.321988	45.320997
0.000000	0.542436	44.804429	44.850073
1.000000E-5	0.544351	45.586886	45.622788
0.000000	0.565414	44.795984	44.798941
1.000000E-5	0.573073	45.407299	45.424281
0.000000	0.425631	44.846670	44.833024
1.000000E-5	0.440950	44.066157	44.062733
0.000000	0.532862	44.191315	44.231124
1.000000E-5	0.534777	43.941275	44.003914
0.000000	0.465843	43.634402	43.643930
1.000000E-5	0.469672	43.650947	43.585542
0.000000	0.519458	43.132037	43.145379
1.000000E-5	0.519458	43.238731	43.261322
0.000000	0.408398	42.495945	42.511791
1.000000E-5	0.412227	43.140237	43.161928
0.000000	0.442865	43.460961	43.493910
1.000000E-5	0.437120	42.927405	42.947157
0.000000	0.437120	42.552749	42.585493
1.000000E-5	0.437120	42.528398	42.528161
0.000000	0.465843	42.245042	42.274930
1.000000E-5	0.477332	42.699068	42.724962
0.000000	0.529032	41.930890	41.990319
1.000000E-5	0.534777	42.350130	42.372826
0.000000	0.431376	41.738383	41.763604
1.000000E-5	0.442865	42.059572	42.095873
0.000000	0.519458	41.618380	41.626372
1.000000E-5	0.507969	41.514569	41.537741
0.000000	0.571159	40.714016	40.706094
1.000000E-5	0.574988	41.650357	41.674771
0.000000	0.594137	41.164524	41.144498
1.000000E-5	0.590307	40.321516	40.373393
0.000000	0.567329	41.474689	41.489452
1.000000E-5	0.569244	40.729767	40.753768
0.000000	0.594137	40.792814	40.809435
1.000000E-5	0.603711	41.132801	41.144498
0.000000	0.565414	40.141791	40.207705
1.000000E-5	0.565414	40.001494	40.050313
0.000000	0.601796	40.196436	40.239231
1.000000E-5	0.617115	42.479726	42.487244
0.000000	0.607540	40.666785	40.658456
1.000000E-5	0.611370	40.572430	40.618786
0.000000	0.544351	40.188627	40.215585
1.000000E-5	0.550095	40.556719	40.587068
0.000000	0.561584	40.048225	40.066034
1.000000E-5	0.565414	40.706141	40.706094
0.000000	0.601796	40.376318	40.365493
1.000000E-5	0.592222	39.869276	39.893311
0.000000	0.552010	39.605663	39.627296
1.000000E-5	0.553925	40.958619	40.952810
0.000000	0.601796	39.590190	39.611683
1.000000E-5	0.609455	40.541011	40.547443
0.000000	0.657326	39.892589	39.885472
1.000000E-5	0.647752	38.539002	38.527992
0.000000	0.603711	39.993709	40.011026
1.000000E-5	0.605626	39.466541	39.502495
0.000000	0.613285	39.135406	39.191547
1.000000E-5	0.617115	39.327720	39.323517
0.000000	0.653496	38.546614	38.604807
1.000000E-5	0.653496	39.791629	39.814956
0.000000	0.619029	38.721936	38.766408
1.000000E-5	0.617115	39.760597	39.752342
0.000000	0.563499	38.920688	38.905241
1.000000E-5	0.565414	39.397093	39.401273
0.000000	0.663071	38.897724	38.920685
1.000000E-5	0.664985	38.531391	38.566389
0.000000	0.605626	38.981964	38.982497
1.000000E-5	0.594137	39.776112	39.791469
0.000000	0.588392	38.882420	38.920685
1.000000E-5	0.590307	39.227646	39.230334
0.000000	0.643922	39.127726	39.168286
1.000000E-5	0.655411	39.204573	39.199302
0.000000	0.785620	38.371756	38.374630
1.000000E-5	0.791364	39.590190	39.603878
0.000000	0.707112	39.327720	39.362383
1.000000E-5	0.701367	39.320016	39.315747
0.000000	0.810513	39.389381	39.393493
1.000000E-5	0.804768	38.874769	38.889800
0.000000	0.741579	38.913032	38.943857
1.000000E-5	0.745408	39.081660	39.098553
0.000000	0.781790	39.073986	39.083067
1.000000E-5	0.779875	38.913032	38.936132
0.000000	0.689878	39.104689	39.075325
1.000000E-5	0.701367	38.699041	38.712497
0.000000	0.684134	38.280707	38.275133
1.000000E-5	0.691793	38.546614	38.497292
0.000000	0.701367	38.790666	38.804943
1.000000E-5	0.695623	37.872509	37.909032
0.000000	0.753068	39.451102	39.447971
1.000000E-5	0.747323	38.493348	38.512640
0.000000	0.739664	38.683783	38.720196
1.000000E-5	0.741579	38.905378	38.920685
0.000000	0.837320	38.928344	38.928408
1.000000E-5	0.841150	37.639281	37.703968
0.000000	0.741579	38.615163	38.612493
1.000000E-5	0.732005	38.844173	38.804943
0.000000	0.732005	39.073986	39.075325
1.000000E-5	0.732005	39.451102	39.440186
0.000000	0.722430	38.836527	38.835788
1.000000E-5	0.732005	39.915910	39.901152
0.000000	0.732005	38.523781	38.574070
1.000000E-5	0.739664	39.020291	39.021159
0.000000	0.701367	38.523781	38.551027
1.000000E-5	0.707112	38.273125	38.282781
0.000000	0.783705	38.455327	38.481946
1.000000E-5	0.779875	37.993200	38.000371
0.000000	0.726260	39.012624	39.059844
1.000000E-5	0.714771	38.257964	38.275133
0.000000	0.745408	38.046069	38.084207
1.000000E-5	0.751153	38.936002	38.982497
0.000000	0.787535	39.235338	39.222574
1.000000E-5	0.785620	38.805950	38.828075
0.000000	0.657326	39.296911	39.315747
1.000000E-5	0.649667	38.424925	38.405274
0.000000	0.779875	39.073986	39.098553
1.000000E-5	0.756897	37.354467	37.386198
0.000000	0.689878	38.897724	38.912962
1.000000E-5	0.687963	38.500955	38.543348
0.000000	0.787535	37.857438	37.909032
1.000000E-5	0.791364	39.196885	39.207059
0.000000	0.770301	38.083859	38.091834
1.000000E-5	0.774131	38.257964	38.282781
0.000000	0.777961	38.068740	38.091834
1.000000E-5	0.774131	38.539002	38.574070
0.000000	0.689878	37.534212	37.582739
1.000000E-5	0.695623	38.836527	38.835788
0.000000	0.745408	37.534212	37.582739
1.000000E-5	0.745408	38.250385	38.259839
0.000000	0.710941	38.242807	38.259839
1.000000E-5	0.720516	38.333804	38.343999
0.000000	0.653496	39.296911	39.292441
1.000000E-5	0.653496	38.409730	38.428266
0.000000	0.737749	37.474245	37.522205
1.000000E-5	0.737749	39.089336	39.129536
0.000000	0.714771	38.159501	38.168148
1.000000E-5	0.718601	38.197355	38.191059
0.000000	0.779875	38.159501	38.175784
1.000000E-5	0.776046	37.616752	37.658482
