0.000000	0.038863	23.722507	23.827758
1.000000E-5	0.012055	23.839447	23.847425
0.000000	-0.018582	23.754982	23.775323
1.000000E-5	-0.024327	23.748487	23.762217
0.000000	0.048437	23.722507	23.768770
1.000000E-5	0.054181	23.748487	23.814648
0.000000	0.058011	23.787464	23.808093
1.000000E-5	0.084819	23.774470	23.768770
0.000000	0.025459	23.793961	23.788431
1.000000E-5	0.019714	23.735496	23.722905
0.000000	0.052267	23.754982	23.768770
1.000000E-5	0.056096	23.780967	23.755665
0.000000	0.023544	23.774470	23.801539
1.000000E-5	0.033118	23.761478	23.768770
0.000000	-0.010923	23.748487	23.768770
1.000000E-5	-0.031986	23.761478	23.762217
0.000000	0.040778	23.754982	23.775323
1.000000E-5	0.046522	23.754982	23.736008
0.000000	0.015885	23.793961	23.808093
1.000000E-5	0.025459	23.754982	23.762217
0.000000	0.058011	23.767974	23.821202
1.000000E-5	0.040778	23.729001	23.742560
0.000000	-0.005178	23.748487	23.742560
1.000000E-5	-0.012838	23.774470	23.768770
0.000000	-0.016667	23.767974	23.762217
1.000000E-5	-0.012838	23.754982	23.768770
0.000000	0.015885	23.780967	23.775323
1.000000E-5	0.013970	23.806955	23.808093
0.000000	0.036948	23.761478	23.788431
1.000000E-5	0.040778	23.780967	23.768770
0.000000	-0.077942	23.780967	23.781877
1.000000E-5	-0.060709	23.787464	23.788431
0.000000	-0.076027	23.774470	23.775323
1.000000E-5	-0.081772	23.761478	23.808093
0.000000	-0.045390	23.754982	23.749112
1.000000E-5	-0.045390	23.754982	23.788431
0.000000	0.023544	23.748487	23.775323
1.000000E-5	0.025459	23.729001	23.742560
0.000000	0.071415	23.826449	23.821202
1.000000E-5	0.054181	23.767974	23.788431
0.000000	-0.049220	23.767974	23.775323
1.000000E-5	-0.047305	23.767974	23.775323
0.000000	0.027374	23.748487	23.755665
1.000000E-5	0.033118	23.754982	23.762217
0.000000	-0.066453	23.767974	23.808093
1.000000E-5	-0.053049	23.787464	23.788431
0.000000	0.008225	23.741991	23.749112
1.000000E-5	0.017800	23.858944	23.899881
0.000000	-0.028156	23.754982	23.801539
1.000000E-5	-0.018582	23.767974	23.775323
0.000000	0.059926	23.761478	23.781877
1.000000E-5	0.063756	23.754982	23.762217
0.000000	0.036948	23.761478	23.762217
1.000000E-5	0.040778	23.767974	23.801539
0.000000	-0.016667	23.780967	23.814648
1.000000E-5	-0.022412	23.787464	23.801539
0.000000	-0.003264	23.716013	23.762217
1.000000E-5	0.002481	23.761478	23.762217
0.000000	-0.066453	23.754982	23.775323
1.000000E-5	-0.058794	23.774470	23.775323
0.000000	-0.041560	23.800458	23.788431
1.000000E-5	-0.033901	23.774470	23.781877
0.000000	0.035033	23.754982	23.781877
1.000000E-5	0.040778	23.748487	23.755665
0.000000	-0.056879	23.787464	23.801539
1.000000E-5	-0.056879	23.729001	23.755665
0.000000	-0.039645	23.767974	23.768770
1.000000E-5	-0.045390	23.800458	23.781877
0.000000	-0.058794	23.722507	23.768770
1.000000E-5	-0.053049	23.741991	23.749112
0.000000	-0.068368	23.716013	23.677052
1.000000E-5	-0.047305	23.741991	23.749112
0.000000	0.010140	23.767974	23.755665
1.000000E-5	0.012055	23.767974	23.788431
0.000000	-0.003264	23.832948	23.867094
1.000000E-5	-0.005178	23.774470	23.755665
0.000000	0.067585	23.826449	23.847425
1.000000E-5	0.065670	23.826449	23.853981
0.000000	0.015885	23.826449	23.834313
1.000000E-5	0.025459	23.767974	23.775323
0.000000	0.077159	23.787464	23.840869
1.000000E-5	0.073330	23.774470	23.788431
0.000000	0.086734	23.832948	23.834313
1.000000E-5	0.088648	23.826449	23.840869
0.000000	0.042692	24.542814	24.550408
1.000000E-5	0.059926	24.581980	24.589919
0.000000	0.036948	24.536287	24.537240
1.000000E-5	0.029289	24.549341	24.556992
0.000000	0.061841	24.562395	24.550408
1.000000E-5	0.054181	24.536287	24.543824
0.000000	0.113541	24.568923	24.556992
1.000000E-5	0.107797	24.536287	24.543824
0.000000	0.056096	24.555868	24.563577
1.000000E-5	0.065670	24.536287	24.583333
0.000000	0.008225	24.614626	24.636027
1.000000E-5	-0.022412	24.660342	24.662381
0.000000	0.080989	24.784496	24.781029
1.000000E-5	0.059926	24.771422	24.734878
0.000000	0.080989	24.941467	24.972379
1.000000E-5	0.084819	24.954555	24.985585
0.000000	-0.033901	25.177233	25.183809
1.000000E-5	-0.039645	25.170679	25.197033
0.000000	0.048437	25.472477	25.488277
1.000000E-5	0.033118	25.413379	25.362440
0.000000	-0.024327	25.781500	25.786761
1.000000E-5	-0.026242	25.768336	25.793401
0.000000	0.017800	26.097816	26.112516
1.000000E-5	0.025459	26.064832	26.105860
0.000000	0.038863	26.428112	26.479111
1.000000E-5	0.029289	26.414884	26.419052
0.000000	-0.074112	26.759252	26.766449
1.000000E-5	-0.066453	26.759252	26.779829
0.000000	-0.005178	27.117867	27.148356
1.000000E-5	0.004396	27.164431	27.202053
0.000000	-0.108579	27.584320	27.632493
1.000000E-5	-0.100920	27.624387	27.632493
0.000000	-0.097090	28.099572	28.118644
1.000000E-5	-0.085601	28.086160	28.118644
0.000000	-0.031986	28.677854	28.702099
1.000000E-5	-0.068368	28.576771	28.620499
0.000000	-0.135387	29.218584	29.186175
1.000000E-5	-0.135387	29.205031	29.220349
0.000000	-0.079857	29.837111	29.858071
1.000000E-5	-0.087516	29.762143	29.775558
0.000000	-0.194747	30.294967	30.326952
1.000000E-5	-0.196662	30.322370	30.340777
0.000000	-0.154536	30.810077	30.874559
1.000000E-5	-0.141132	30.837628	30.867607
0.000000	-0.166025	31.341881	31.369460
1.000000E-5	-0.156450	31.355735	31.369460
0.000000	-0.129643	31.904689	31.916283
1.000000E-5	-0.127728	31.904689	31.860044
0.000000	-0.139217	32.569390	32.601086
1.000000E-5	-0.135387	32.576414	32.629443
0.000000	-0.081772	33.679489	33.735765
1.000000E-5	-0.074112	33.693728	33.685479
0.000000	0.048437	35.210582	35.237546
1.000000E-5	0.036948	35.203322	35.237546
0.000000	0.555868	37.421816	37.423951
1.000000E-5	0.552038	37.361947	37.378650
0.000000	3.294081	40.001494	40.011026
1.000000E-5	3.307484	39.978141	40.003171
0.000000	6.087823	42.984629	43.029667
1.000000E-5	6.095483	43.033723	43.062704
0.000000	8.778165	46.111925	46.126607
1.000000E-5	8.774335	46.103277	46.100432
0.000000	10.959161	49.183306	49.198798
1.000000E-5	10.959161	49.192478	49.226569
0.000000	12.046787	52.100789	52.065025
1.000000E-5	12.029553	52.071617	52.094449
0.000000	12.575281	54.647815	54.736565
1.000000E-5	12.573366	54.576035	54.643313
0.000000	12.699745	56.962439	57.011154
1.000000E-5	12.709319	56.984027	56.989365
0.000000	12.757190	59.038257	59.016636
1.000000E-5	12.759105	59.072175	59.062239
0.000000	12.747616	60.766932	60.842929
1.000000E-5	12.757190	60.837515	60.842929
0.000000	12.471880	62.310334	62.378241
1.000000E-5	12.471880	62.383478	62.415175
0.000000	12.644215	63.734451	63.741052
1.000000E-5	12.636556	63.671536	63.702956
0.000000	12.540814	64.831437	64.900129
1.000000E-5	12.542729	64.844361	64.808832
0.000000	12.510177	65.864875	65.944446
1.000000E-5	12.519751	65.825163	65.810810
0.000000	12.496773	66.748218	66.850992
1.000000E-5	12.512091	66.897277	66.878358
0.000000	12.469965	67.540249	67.568431
1.000000E-5	12.469965	67.554038	67.693872
0.000000	12.393372	68.263437	68.298503
1.000000E-5	12.378053	68.291506	68.199470
0.000000	12.385712	68.942426	68.984069
1.000000E-5	12.378053	68.885415	68.998474
0.000000	12.349331	69.444683	69.462112
1.000000E-5	12.341671	69.401391	69.491264
0.000000	12.339756	69.938550	69.990047
1.000000E-5	12.345501	69.821809	69.842715
0.000000	12.328267	70.379321	70.390518
1.000000E-5	12.330182	70.364551	70.375616
0.000000	12.278482	70.720497	70.734787
1.000000E-5	12.276567	70.765209	70.855217
0.000000	12.276567	71.215056	71.157861
1.000000E-5	12.272737	71.169847	71.233875
0.000000	12.217207	71.411545	71.493391
1.000000E-5	12.222951	71.487372	71.478080
0.000000	12.244015	71.776812	71.800844
1.000000E-5	12.253589	71.853325	71.893536
0.000000	12.178910	72.129974	72.266440
1.000000E-5	12.180825	72.068333	72.064024
0.000000	12.127210	72.393001	72.438510
1.000000E-5	12.152103	72.361968	72.391509
0.000000	12.169336	72.610904	72.737457
1.000000E-5	12.176995	72.735949	72.737457
0.000000	12.161677	72.814300	72.832323
1.000000E-5	12.163592	72.814300	72.848156
0.000000	12.113806	73.176685	73.166122
1.000000E-5	12.111891	73.050268	73.102328
0.000000	12.054446	73.255897	73.310029
1.000000E-5	12.052531	73.240042	73.278005
0.000000	12.113806	73.462581	73.470531
1.000000E-5	12.119550	73.430714	73.551022
0.000000	12.088913	73.606294	73.728673
1.000000E-5	12.088913	73.670331	73.696314
0.000000	12.058276	73.766579	73.777259
1.000000E-5	12.048702	73.718427	73.874609
0.000000	12.096572	73.911384	73.972195
1.000000E-5	12.096572	74.008212	74.037384
0.000000	12.046787	74.153892	74.168081
1.000000E-5	12.048702	74.153892	74.135367
0.000000	12.004660	74.267566	74.397830
1.000000E-5	12.000831	74.235055	74.200822
0.000000	12.025724	74.397874	74.447233
1.000000E-5	12.025724	74.381562	74.463715
0.000000	12.050616	74.577742	74.562746
1.000000E-5	12.056361	74.561357	74.562746
0.000000	11.974023	74.725509	74.761544
1.000000E-5	11.979768	74.758421	74.794773
0.000000	11.993171	74.840817	74.877967
1.000000E-5	11.991257	74.758421	74.678592
0.000000	11.981682	74.973006	74.978029
1.000000E-5	11.987427	75.022689	75.011438
0.000000	11.974023	75.089030	75.111834
1.000000E-5	11.972108	75.022689	75.011438
0.000000	11.954875	75.188748	75.229282
1.000000E-5	11.962534	75.172111	75.195691
0.000000	11.933812	75.372213	75.347077
1.000000E-5	11.931897	75.272037	75.279723
0.000000	11.943386	75.322093	75.431428
1.000000E-5	11.935726	75.288715	75.347077
0.000000	11.947215	75.489403	75.566762
1.000000E-5	11.945301	75.455885	75.549820
0.000000	12.002746	75.590126	75.634602
1.000000E-5	11.997001	75.539732	75.549820
0.000000	11.935726	75.573321	75.515958
1.000000E-5	11.929982	75.573321	75.549820
0.000000	11.933812	75.775447	75.838814
1.000000E-5	11.941471	75.741688	75.804706
0.000000	11.878281	75.758564	75.821757
1.000000E-5	11.876367	75.758564	75.736577
0.000000	11.947215	75.826138	75.838814
1.000000E-5	11.949130	75.792337	75.855879
0.000000	11.918493	75.843050	75.958423
1.000000E-5	11.920408	75.893828	75.890031
0.000000	11.905089	75.961632	76.078391
1.000000E-5	11.912748	76.046550	76.061230
0.000000	11.899345	76.012561	76.095559
1.000000E-5	11.901259	76.012561	76.078391
0.000000	11.947215	76.012561	76.147106
1.000000E-5	11.954875	76.114615	76.061230
0.000000	11.924237	76.216931	76.198721
1.000000E-5	11.924237	76.131649	76.129916
0.000000	11.970193	76.388042	76.475133
1.000000E-5	11.974023	76.182796	76.181509
0.000000	11.908919	76.268187	76.353967
1.000000E-5	11.912748	76.302395	76.353967
0.000000	11.945301	76.353761	76.336687
1.000000E-5	11.952960	76.405194	76.457801
0.000000	11.920408	76.388042	76.423160
1.000000E-5	11.928067	76.422353	76.475133
0.000000	11.870622	76.422353	76.509820
1.000000E-5	11.878281	76.542674	76.509820
0.000000	11.912748	76.439520	76.440477
1.000000E-5	11.918493	76.473875	76.561907
0.000000	11.908919	76.422353	76.475133
1.000000E-5	11.912748	76.491064	76.544537
0.000000	11.845729	76.697909	76.701140
1.000000E-5	11.843814	76.594352	76.666286
0.000000	11.901259	76.611593	76.596670
1.000000E-5	11.907004	76.628841	76.648870
0.000000	11.897430	76.697909	76.701140
1.000000E-5	11.897430	76.577118	76.475133
0.000000	11.939556	76.628841	76.701140
1.000000E-5	11.935726	76.715194	76.788408
0.000000	11.845729	76.715194	76.631462
1.000000E-5	11.849559	76.697909	76.736024
0.000000	11.878281	76.663360	76.648870
1.000000E-5	11.884026	76.680631	76.718578
0.000000	11.899345	76.749788	76.666286
1.000000E-5	11.905089	76.784413	76.858361
0.000000	11.876367	76.871105	76.893384
1.000000E-5	11.880196	76.697909	76.596670
0.000000	11.887856	76.559893	76.614062
1.000000E-5	11.884026	76.680631	76.701140
0.000000	11.893600	76.819067	76.840861
1.000000E-5	11.905089	76.905835	76.893384
0.000000	11.862963	76.784413	76.770939
1.000000E-5	11.864878	76.801736	76.858361
0.000000	11.826581	76.905835	76.945975
1.000000E-5	11.824666	76.905835	76.981075
0.000000	11.857218	76.940595	76.893384
1.000000E-5	11.857218	76.871105	76.910906
0.000000	11.849559	76.871105	76.945975
1.000000E-5	11.841900	76.801736	76.840861
0.000000	11.805518	76.836405	76.858361
1.000000E-5	11.820836	76.905835	76.998637
0.000000	11.834240	76.905835	76.998637
1.000000E-5	11.836155	76.905835	76.910906
0.000000	11.843814	76.871105	76.928437
1.000000E-5	11.843814	76.836405	76.753478
0.000000	11.813177	76.853751	76.840861
1.000000E-5	11.832325	76.888466	76.928437
0.000000	11.851474	76.767097	76.805885
1.000000E-5	11.838070	76.871105	76.981075
0.000000	11.905089	77.114854	77.139409
1.000000E-5	11.891685	76.905835	76.823369
0.000000	11.887856	76.819067	76.823369
1.000000E-5	11.893600	76.853751	76.945975
0.000000	11.897430	76.715194	76.788408
1.000000E-5	11.908919	76.871105	76.858361
0.000000	11.885941	76.784413	76.875868
1.000000E-5	11.889770	76.819067	76.875868
0.000000	11.843814	76.767097	76.805885
1.000000E-5	11.830411	76.697909	76.753478
0.000000	11.843814	76.801736	76.875868
1.000000E-5	11.836155	76.819067	76.875868
0.000000	11.897430	76.784413	76.840861
1.000000E-5	11.907004	76.784413	76.770939
0.000000	11.847644	76.836405	76.963521
1.000000E-5	11.841900	76.836405	76.858361
0.000000	11.901259	76.801736	76.893384
1.000000E-5	11.899345	76.784413	76.805885
0.000000	11.847644	76.888466	76.893384
1.000000E-5	11.851474	76.923211	76.875868
0.000000	11.864878	76.836405	76.893384
1.000000E-5	11.862963	76.853751	76.823369
0.000000	11.910834	76.905835	76.875868
1.000000E-5	11.901259	76.819067	76.770939
0.000000	11.884026	76.905835	77.016206
1.000000E-5	11.889770	76.905835	76.910906
0.000000	11.845729	76.923211	76.945975
1.000000E-5	11.849559	76.923211	76.963521
0.000000	11.895515	76.905835	76.945975
1.000000E-5	11.905089	76.888466	76.910906
0.000000	11.843814	76.888466	76.963521
1.000000E-5	11.851474	76.905835	76.893384
0.000000	11.876367	76.957987	76.981075
1.000000E-5	11.866792	76.905835	76.981075
0.000000	11.857218	76.975386	77.104169
1.000000E-5	11.862963	76.923211	76.998637
0.000000	11.884026	76.992792	77.086561
1.000000E-5	11.891685	76.923211	76.945975
0.000000	11.874452	76.923211	76.981075
1.000000E-5	11.864878	77.027629	77.051368
0.000000	11.897430	76.992792	77.139409
1.000000E-5	11.897430	76.836405	76.910906
0.000000	11.931897	76.957987	76.945975
1.000000E-5	11.939556	77.045058	77.121785
0.000000	11.916578	77.062496	77.051368
1.000000E-5	11.914663	77.010207	77.033783
0.000000	11.851474	77.045058	77.209983
1.000000E-5	11.857218	76.992792	77.086561
0.000000	11.916578	77.027629	77.068961
1.000000E-5	11.914663	77.184772	77.068961
0.000000	11.853389	77.097393	77.245317
1.000000E-5	11.866792	77.010207	77.068961
0.000000	11.887856	77.132322	77.104169
1.000000E-5	11.899345	77.289880	77.369234
0.000000	11.922323	77.114854	77.157041
1.000000E-5	11.924237	77.097393	77.139409
0.000000	11.849559	77.079941	77.139409
1.000000E-5	11.853389	77.184772	77.139409
0.000000	11.907004	77.184772	77.174681
1.000000E-5	11.928067	77.079941	77.068961
0.000000	11.868707	77.237291	77.280682
1.000000E-5	11.859133	77.184772	77.280682
0.000000	11.838070	77.237291	77.316079
1.000000E-5	11.834240	77.184772	77.227646
0.000000	11.929982	77.132322	77.068961
1.000000E-5	11.928067	77.219777	77.298377
0.000000	11.918493	77.272342	77.280682
1.000000E-5	11.918493	77.132322	77.104169
0.000000	11.901259	77.219777	77.209983
1.000000E-5	11.912748	77.272342	77.209983
0.000000	11.901259	77.202270	77.280682
1.000000E-5	11.907004	77.289880	77.262996
0.000000	11.964449	77.307425	77.404710
1.000000E-5	11.956790	77.202270	77.192328
0.000000	11.928067	77.254813	77.262996
1.000000E-5	11.916578	77.184772	77.262996
0.000000	11.926152	77.254813	77.262996
1.000000E-5	11.928067	77.272342	77.351508
0.000000	11.908919	77.237291	77.369234
1.000000E-5	11.912748	77.342538	77.262996
0.000000	11.897430	77.272342	77.209983
1.000000E-5	11.901259	77.254813	77.316079
0.000000	11.951045	77.254813	77.280682
1.000000E-5	11.952960	77.272342	77.351508
0.000000	11.939556	77.342538	77.369234
1.000000E-5	11.943386	77.360107	77.369234
0.000000	11.885941	77.342538	77.440217
1.000000E-5	11.887856	77.272342	77.298377
0.000000	11.912748	77.412858	77.351508
1.000000E-5	11.903174	77.342538	77.369234
0.000000	11.931897	77.307425	77.298377
1.000000E-5	11.937641	77.377683	77.333789
0.000000	11.968279	77.324978	77.316079
1.000000E-5	11.975938	77.360107	77.440217
0.000000	11.956790	77.342538	77.369234
1.000000E-5	11.964449	77.377683	77.369234
0.000000	11.941471	77.360107	77.351508
1.000000E-5	11.947215	77.412858	77.404710
0.000000	11.922323	77.412858	77.369234
1.000000E-5	11.903174	77.395267	77.440217
0.000000	11.914663	77.430458	77.422459
1.000000E-5	11.916578	77.483303	77.440217
0.000000	11.966364	77.377683	77.457983
1.000000E-5	11.962534	77.448065	77.457983
0.000000	11.931897	77.430458	77.422459
1.000000E-5	11.937641	77.483303	77.564745
0.000000	11.981682	77.360107	77.369234
1.000000E-5	11.983597	77.448065	77.493538
0.000000	11.928067	77.483303	77.546931
1.000000E-5	11.928067	77.483303	77.457983
0.000000	11.974023	77.430458	77.404710
1.000000E-5	11.974023	77.430458	77.440217
0.000000	11.931897	77.500934	77.564745
1.000000E-5	11.935726	77.500934	77.493538
0.000000	11.966364	77.448065	77.546931
1.000000E-5	11.962534	77.500934	77.475757
0.000000	11.947215	77.518573	77.546931
1.000000E-5	11.939556	77.536219	77.582566
0.000000	11.929982	77.536219	77.671794
1.000000E-5	11.929982	77.500934	77.546931
0.000000	11.920408	77.500934	77.511328
1.000000E-5	11.929982	77.571535	77.564745
0.000000	11.960619	77.536219	77.582566
1.000000E-5	11.962534	77.536219	77.546931
0.000000	11.922323	77.500934	77.546931
1.000000E-5	11.920408	77.553873	77.582566
0.000000	12.025724	77.518573	77.564745
1.000000E-5	12.012320	77.553873	77.546931
0.000000	11.952960	77.518573	77.636079
1.000000E-5	11.966364	77.571535	77.600396
0.000000	11.974023	77.553873	77.600396
1.000000E-5	11.979768	77.553873	77.582566
0.000000	12.002746	77.500934	77.529126
1.000000E-5	12.012320	77.589206	77.564745
0.000000	12.008490	77.606883	77.636079
1.000000E-5	12.006575	77.571535	77.511328
0.000000	11.954875	77.465680	77.440217
1.000000E-5	11.960619	77.518573	77.529126
0.000000	11.975938	77.642263	77.582566
1.000000E-5	11.972108	77.589206	77.653933
0.000000	12.016149	77.642263	77.707542
1.000000E-5	12.006575	77.500934	77.457983
0.000000	12.008490	77.589206	77.582566
1.000000E-5	12.006575	77.518573	77.422459
0.000000	11.985512	77.589206	77.653933
1.000000E-5	11.983597	77.624569	77.546931
0.000000	12.012320	77.695391	77.743322
1.000000E-5	12.004660	77.606883	77.582566
0.000000	11.958704	77.677674	77.761224
1.000000E-5	11.954875	77.642263	77.743322
0.000000	11.987427	77.536219	77.475757
1.000000E-5	11.993171	77.695391	77.653933
0.000000	12.056361	77.695391	77.779134
1.000000E-5	12.048702	77.624569	77.618233
0.000000	11.981682	77.819635	77.832912
1.000000E-5	11.968279	77.500934	77.546931
0.000000	11.991257	77.713116	77.779134
1.000000E-5	11.997001	77.677674	77.707542
0.000000	12.006575	77.659964	77.671794
1.000000E-5	12.010405	77.659964	77.725428
0.000000	11.985512	77.748591	77.779134
1.000000E-5	11.993171	77.642263	77.511328
0.000000	12.035298	77.766340	77.779134
1.000000E-5	12.033383	77.624569	77.564745
0.000000	12.018064	77.748591	77.761224
1.000000E-5	12.016149	77.713116	77.653933
0.000000	12.006575	77.730850	77.797052
1.000000E-5	12.010405	77.766340	77.832912
0.000000	12.016149	77.748591	77.868805
1.000000E-5	12.010405	77.748591	77.707542
0.000000	12.023809	77.801862	77.922706
1.000000E-5	12.023809	77.730850	77.779134
0.000000	12.004660	77.784097	77.797052
1.000000E-5	12.008490	77.837416	77.850855
0.000000	12.027638	77.766340	77.761224
1.000000E-5	12.019979	77.748591	77.761224
0.000000	12.083169	77.766340	77.850855
1.000000E-5	12.077424	77.801862	77.868805
0.000000	12.044872	77.819635	77.814978
1.000000E-5	12.048702	77.819635	77.850855
0.000000	12.073594	77.784097	77.814978
1.000000E-5	12.077424	77.837416	77.653933
0.000000	12.050616	77.890806	77.886764
1.000000E-5	12.048702	77.801862	77.922706
0.000000	12.050616	77.855204	77.904731
1.000000E-5	12.048702	77.837416	77.850855
0.000000	12.071680	77.873001	77.958680
1.000000E-5	12.065935	77.855204	77.886764
0.000000	12.041042	77.908619	78.084849
1.000000E-5	12.033383	77.855204	77.850855
0.000000	12.086998	77.784097	77.904731
1.000000E-5	12.088913	77.837416	77.850855
0.000000	12.098487	77.890806	77.886764
1.000000E-5	12.094658	77.801862	77.868805
0.000000	12.094658	77.713116	77.850855
1.000000E-5	12.075509	77.926440	77.958680
0.000000	12.048702	77.784097	77.814978
1.000000E-5	12.048702	77.908619	77.976680
0.000000	12.073594	78.069295	77.886764
1.000000E-5	12.065935	77.855204	77.886764
0.000000	12.060191	77.962105	78.030727
1.000000E-5	12.062105	77.890806	77.940689
0.000000	12.125295	77.819635	77.868805
1.000000E-5	12.127210	77.908619	78.030727
0.000000	12.131039	77.926440	78.012703
1.000000E-5	12.117636	77.908619	77.922706
0.000000	12.109976	77.979950	78.048760
1.000000E-5	12.108061	77.908619	77.958680
0.000000	12.104232	77.908619	77.940689
1.000000E-5	12.113806	77.855204	77.850855
0.000000	12.083169	77.819635	77.868805
1.000000E-5	12.090828	77.855204	77.994688
0.000000	12.071680	78.033533	78.012703
1.000000E-5	12.094658	78.015664	78.012703
0.000000	12.119550	78.015664	78.084849
1.000000E-5	12.123380	78.033533	78.030727
0.000000	12.062105	78.015664	78.030727
1.000000E-5	12.054446	77.944269	77.976680
0.000000	12.106147	78.051410	78.030727
1.000000E-5	12.106147	77.944269	77.994688
0.000000	12.132954	78.051410	78.084849
1.000000E-5	12.129125	78.122999	78.066800
0.000000	12.155932	78.051410	78.084849
1.000000E-5	12.152103	78.051410	78.066800
0.000000	12.090828	78.051410	78.066800
1.000000E-5	12.096572	78.033533	78.120971
0.000000	12.154017	78.140917	78.157126
1.000000E-5	12.155932	78.122999	78.157126
0.000000	12.088913	78.033533	78.048760
1.000000E-5	12.094658	78.105090	78.175215
0.000000	12.106147	78.033533	78.102906
1.000000E-5	12.123380	78.230626	78.265789
0.000000	12.142528	78.140917	78.139044
1.000000E-5	12.138699	78.087189	78.120971
0.000000	12.136784	78.176776	78.193313
1.000000E-5	12.136784	78.140917	78.102906
0.000000	12.106147	78.230626	78.247657
1.000000E-5	12.108061	78.212668	78.175215
0.000000	12.094658	78.140917	78.193313
1.000000E-5	12.100402	78.266567	78.265789
0.000000	12.096572	78.105090	78.139044
1.000000E-5	12.098487	78.176776	78.283928
0.000000	12.100402	78.176776	78.247657
1.000000E-5	12.106147	78.248592	78.265789
0.000000	12.117636	78.248592	78.338397
1.000000E-5	12.119550	78.230626	78.265789
0.000000	12.088913	78.230626	78.302076
1.000000E-5	12.086998	78.176776	78.211420
0.000000	12.182740	78.284549	78.320232
1.000000E-5	12.176995	78.284549	78.157126
0.000000	12.157847	78.230626	78.247657
1.000000E-5	12.167421	78.194718	78.247657
0.000000	12.161677	78.356561	78.374751
1.000000E-5	12.163592	78.302540	78.392940
0.000000	12.163592	78.338546	78.392940
1.000000E-5	12.157847	78.266567	78.320232
0.000000	12.113806	78.302540	78.356570
1.000000E-5	12.115721	78.230626	78.265789
0.000000	12.111891	78.320539	78.283928
1.000000E-5	12.117636	78.338546	78.374751
0.000000	12.165506	78.356561	78.374751
1.000000E-5	12.169336	78.392616	78.338397
0.000000	12.167421	78.356561	78.447559
1.000000E-5	12.161677	78.266567	78.302076
0.000000	12.167421	78.446761	78.447559
1.000000E-5	12.167421	78.284549	78.302076
0.000000	12.165506	78.410656	78.447559
1.000000E-5	12.167421	78.374585	78.447559
0.000000	12.167421	78.410656	78.411138
1.000000E-5	12.161677	78.320539	78.429344
0.000000	12.144443	78.410656	78.392940
1.000000E-5	12.146358	78.374585	78.338397
0.000000	12.125295	78.374585	78.411138
1.000000E-5	12.125295	78.410656	78.211420
0.000000	12.150188	78.482898	78.502253
1.000000E-5	12.148273	78.374585	78.356570
0.000000	12.163592	78.428704	78.429344
1.000000E-5	12.148273	78.374585	78.392940
0.000000	12.148273	78.410656	78.484013
1.000000E-5	12.152103	78.410656	78.411138
0.000000	12.113806	78.410656	78.447559
1.000000E-5	12.111891	78.482898	78.502253
0.000000	12.152103	78.500979	78.520501
1.000000E-5	12.157847	78.428704	78.392940
0.000000	12.175081	78.446761	78.447559
1.000000E-5	12.173166	78.392616	78.465782
0.000000	12.125295	78.519069	78.538758
1.000000E-5	12.119550	78.464825	78.557023
0.000000	12.176995	78.500979	78.520501
1.000000E-5	12.188484	78.284549	78.374751
0.000000	12.171251	78.591509	78.593578
1.000000E-5	12.159762	78.464825	78.447559
0.000000	12.154017	78.428704	78.484013
1.000000E-5	12.152103	78.464825	78.538758
0.000000	12.152103	78.555272	78.557023
1.000000E-5	12.152103	78.500979	78.557023
0.000000	12.184655	78.519069	78.557023
1.000000E-5	12.182740	78.464825	78.320232
0.000000	12.150188	78.464825	78.502253
1.000000E-5	12.155932	78.464825	78.557023
0.000000	12.203803	78.555272	78.538758
1.000000E-5	12.199973	78.500979	78.593578
0.000000	12.157847	78.555272	78.538758
1.000000E-5	12.154017	78.573386	78.593578
0.000000	12.136784	78.519069	78.520501
1.000000E-5	12.131039	78.482898	78.429344
0.000000	12.140614	78.519069	78.447559
1.000000E-5	12.132954	78.500979	78.502253
0.000000	12.157847	78.464825	78.520501
1.000000E-5	12.142528	78.464825	78.520501
0.000000	12.196144	78.573386	78.611869
1.000000E-5	12.203803	78.627779	78.666791
0.000000	12.138699	78.627779	78.611869
1.000000E-5	12.142528	78.500979	78.520501
0.000000	12.152103	78.500979	78.502253
1.000000E-5	12.140614	78.591509	78.648475
0.000000	12.159762	78.410656	78.429344
1.000000E-5	12.169336	78.591509	78.557023
0.000000	12.211462	78.591509	78.575297
1.000000E-5	12.205718	78.555272	78.575297
0.000000	12.136784	78.537166	78.557023
1.000000E-5	12.144443	78.573386	78.575297
0.000000	12.140614	78.664082	78.685115
1.000000E-5	12.161677	78.664082	78.666791
0.000000	12.129125	78.682246	78.721789
1.000000E-5	12.119550	78.645926	78.611869
0.000000	12.140614	78.519069	78.538758
1.000000E-5	12.134869	78.773191	78.758497
0.000000	12.201888	78.700418	78.758497
1.000000E-5	12.203803	78.609640	78.666791
0.000000	12.188484	78.591509	78.703448
1.000000E-5	12.190399	78.591509	78.593578
0.000000	12.165506	78.609640	78.538758
1.000000E-5	12.161677	78.664082	78.465782
0.000000	12.188484	78.591509	78.648475
1.000000E-5	12.180825	78.609640	78.648475
0.000000	12.203803	78.591509	78.593578
1.000000E-5	12.203803	78.682246	78.721789
0.000000	12.140614	78.664082	78.721789
1.000000E-5	12.138699	78.664082	78.685115
0.000000	12.167421	78.682246	78.758497
1.000000E-5	12.154017	78.682246	78.685115
0.000000	12.182740	78.664082	78.630168
1.000000E-5	12.188484	78.609640	78.648475
0.000000	12.157847	78.827859	78.905670
1.000000E-5	12.161677	78.736788	78.740139
0.000000	12.184655	78.827859	78.868826
1.000000E-5	12.178910	78.664082	78.648475
0.000000	12.121465	78.664082	78.721789
1.000000E-5	12.121465	78.609640	78.648475
0.000000	12.165506	78.664082	78.666791
1.000000E-5	12.169336	78.645926	78.666791
0.000000	12.155932	78.809628	78.813623
1.000000E-5	12.154017	78.645926	78.740139
0.000000	12.152103	78.754986	78.850416
1.000000E-5	12.161677	78.700418	78.703448
0.000000	12.159762	78.664082	78.703448
1.000000E-5	12.157847	78.700418	78.721789
0.000000	12.136784	78.754986	78.721789
1.000000E-5	12.136784	78.682246	78.630168
0.000000	12.113806	78.718599	78.740139
1.000000E-5	12.127210	78.736788	78.850416
0.000000	12.125295	78.682246	78.795239
1.000000E-5	12.123380	78.682246	78.721789
0.000000	12.148273	78.700418	78.721789
1.000000E-5	12.157847	78.645926	78.758497
0.000000	12.119550	78.736788	78.795239
1.000000E-5	12.123380	78.700418	78.758497
0.000000	12.142528	78.754986	78.740139
1.000000E-5	12.146358	78.700418	78.740139
0.000000	12.161677	78.754986	78.721789
1.000000E-5	12.167421	78.664082	78.721789
0.000000	12.171251	78.736788	78.721789
1.000000E-5	12.165506	78.754986	78.776864
0.000000	12.150188	78.682246	78.758497
1.000000E-5	12.148273	78.682246	78.795239
0.000000	12.127210	78.773191	78.868826
1.000000E-5	12.131039	78.773191	78.795239
0.000000	12.178910	78.718599	78.795239
1.000000E-5	12.182740	78.682246	78.740139
0.000000	12.167421	78.791406	78.813623
1.000000E-5	12.163592	78.627779	78.502253
0.000000	12.127210	78.700418	78.832015
1.000000E-5	12.136784	78.791406	78.850416
0.000000	12.138699	78.754986	78.776864
1.000000E-5	12.142528	78.627779	78.703448
0.000000	12.148273	78.664082	78.666791
1.000000E-5	12.148273	78.736788	78.685115
0.000000	12.173166	78.609640	78.611869
1.000000E-5	12.180825	78.754986	78.758497
0.000000	12.190399	78.609640	78.648475
1.000000E-5	12.194229	78.754986	78.758497
0.000000	12.152103	78.754986	78.721789
1.000000E-5	12.142528	78.645926	78.721789
0.000000	12.182740	78.682246	78.795239
1.000000E-5	12.192314	78.791406	78.740139
0.000000	12.178910	78.736788	78.795239
1.000000E-5	12.178910	78.700418	78.813623
0.000000	12.180825	78.682246	78.740139
1.000000E-5	12.182740	78.773191	78.813623
0.000000	12.138699	78.718599	78.795239
1.000000E-5	12.134869	78.718599	78.685115
0.000000	12.173166	78.682246	78.703448
1.000000E-5	12.178910	78.718599	78.740139
0.000000	12.111891	78.773191	78.740139
1.000000E-5	12.111891	78.736788	78.868826
0.000000	12.125295	78.718599	78.740139
1.000000E-5	12.125295	78.591509	78.593578
0.000000	12.157847	78.846099	78.887244
1.000000E-5	12.163592	78.754986	78.813623
0.000000	12.155932	78.754986	78.758497
1.000000E-5	12.150188	78.773191	78.648475
0.000000	12.111891	78.682246	78.685115
1.000000E-5	12.113806	78.827859	78.887244
0.000000	12.207633	78.754986	78.776864
1.000000E-5	12.209548	78.754986	78.832015
0.000000	12.119550	78.736788	78.813623
1.000000E-5	12.113806	78.773191	78.776864
0.000000	12.115721	78.754986	78.850416
1.000000E-5	12.106147	78.827859	78.832015
0.000000	12.144443	78.682246	78.666791
1.000000E-5	12.150188	78.736788	78.776864
0.000000	12.134869	78.718599	78.685115
1.000000E-5	12.132954	78.682246	78.703448
0.000000	12.121465	78.664082	78.721789
1.000000E-5	12.134869	78.718599	78.758497
0.000000	12.152103	78.682246	78.740139
1.000000E-5	12.155932	78.718599	78.850416
0.000000	12.169336	78.736788	78.795239
1.000000E-5	12.171251	78.809628	78.868826
0.000000	12.171251	78.700418	78.703448
1.000000E-5	12.173166	78.718599	78.703448
0.000000	12.144443	78.664082	78.703448
1.000000E-5	12.152103	78.718599	78.721789
0.000000	12.165506	78.773191	78.868826
1.000000E-5	12.167421	78.682246	78.666791
0.000000	12.119550	78.718599	78.795239
1.000000E-5	12.115721	78.682246	78.648475
0.000000	12.146358	78.773191	78.795239
1.000000E-5	12.167421	78.809628	78.850416
0.000000	12.123380	78.718599	78.868826
1.000000E-5	12.121465	78.754986	78.776864
0.000000	12.096572	78.827859	78.887244
1.000000E-5	12.104232	78.809628	78.813623
0.000000	12.173166	78.773191	78.813623
1.000000E-5	12.178910	78.754986	78.795239
0.000000	12.154017	78.736788	78.758497
1.000000E-5	12.155932	78.664082	78.666791
0.000000	12.142528	78.700418	78.575297
1.000000E-5	12.144443	78.791406	78.795239
0.000000	12.113806	78.700418	78.721789
1.000000E-5	12.108061	78.754986	78.776864
0.000000	12.140614	78.773191	78.740139
1.000000E-5	12.150188	78.882603	78.887244
0.000000	12.144443	78.664082	78.685115
1.000000E-5	12.148273	78.664082	78.685115
0.000000	12.134869	78.791406	78.850416
1.000000E-5	12.129125	78.809628	78.832015
0.000000	12.148273	78.773191	78.795239
1.000000E-5	12.125295	78.664082	78.740139
0.000000	12.155932	78.827859	78.924106
1.000000E-5	12.150188	78.700418	78.703448
0.000000	12.127210	78.718599	78.795239
1.000000E-5	12.121465	78.791406	78.666791
0.000000	12.117636	78.645926	78.666791
1.000000E-5	12.111891	78.718599	78.740139
0.000000	12.071680	78.718599	78.832015
1.000000E-5	12.071680	78.682246	78.703448
0.000000	12.102317	78.754986	78.758497
1.000000E-5	12.100402	78.718599	78.776864
0.000000	12.138699	78.736788	78.740139
1.000000E-5	12.131039	78.736788	78.795239
0.000000	12.136784	78.700418	78.740139
1.000000E-5	12.144443	78.882603	78.905670
0.000000	12.154017	78.682246	78.758497
1.000000E-5	12.154017	78.736788	78.758497
0.000000	12.096572	78.700418	78.703448
1.000000E-5	12.088913	78.736788	78.850416
0.000000	12.106147	78.700418	78.721789
1.000000E-5	12.096572	78.682246	78.575297
0.000000	12.144443	78.700418	78.611869
1.000000E-5	12.144443	78.682246	78.703448
0.000000	12.171251	78.791406	78.887244
1.000000E-5	12.175081	78.754986	78.740139
0.000000	12.098487	78.718599	78.740139
1.000000E-5	12.098487	78.736788	78.758497
0.000000	12.121465	78.700418	78.776864
1.000000E-5	12.123380	78.754986	78.740139
0.000000	12.161677	78.718599	78.758497
1.000000E-5	12.167421	78.827859	78.758497
0.000000	12.086998	78.682246	78.703448
1.000000E-5	12.086998	78.718599	78.776864
0.000000	12.138699	78.754986	78.758497
1.000000E-5	12.142528	78.736788	78.740139
0.000000	12.121465	78.773191	78.740139
1.000000E-5	12.119550	78.718599	78.740139
0.000000	12.085083	78.754986	78.721789
1.000000E-5	12.081254	78.718599	78.795239
0.000000	12.150188	78.791406	78.832015
1.000000E-5	12.144443	78.791406	78.611869
0.000000	12.119550	78.700418	78.776864
1.000000E-5	12.125295	78.809628	78.868826
0.000000	12.081254	78.846099	78.832015
1.000000E-5	12.088913	78.754986	78.758497
0.000000	12.140614	78.718599	78.740139
1.000000E-5	12.142528	78.809628	78.813623
0.000000	12.144443	78.682246	78.740139
1.000000E-5	12.138699	78.700418	78.666791
0.000000	12.109976	78.591509	78.502253
1.000000E-5	12.102317	78.682246	78.758497
0.000000	12.113806	78.700418	78.813623
1.000000E-5	12.111891	78.682246	78.666791
0.000000	12.123380	78.627779	78.685115
1.000000E-5	12.121465	78.718599	78.721789
0.000000	12.125295	78.645926	78.740139
1.000000E-5	12.134869	78.718599	78.740139
0.000000	12.094658	78.664082	78.630168
1.000000E-5	12.094658	78.718599	78.740139
0.000000	12.117636	78.791406	78.905670
1.000000E-5	12.131039	78.900867	78.887244
0.000000	12.100402	78.773191	78.776864
1.000000E-5	12.100402	78.645926	78.703448
0.000000	12.106147	78.773191	78.868826
1.000000E-5	12.106147	78.919141	78.887244
0.000000	12.073594	78.754986	78.740139
1.000000E-5	12.069765	78.718599	78.666791
0.000000	12.119550	78.682246	78.703448
1.000000E-5	12.129125	78.736788	78.721789
0.000000	12.178910	78.682246	78.740139
1.000000E-5	12.173166	78.736788	78.795239
0.000000	12.198059	78.664082	78.666791
1.000000E-5	12.199973	78.627779	78.685115
0.000000	12.192314	78.627779	78.630168
1.000000E-5	12.194229	78.664082	78.721789
0.000000	12.180825	78.609640	78.593578
1.000000E-5	12.178910	78.645926	78.630168
0.000000	12.134869	78.482898	78.538758
1.000000E-5	12.148273	78.537166	78.520501
0.000000	12.111891	78.537166	78.575297
1.000000E-5	12.108061	78.609640	78.685115
0.000000	12.142528	78.591509	78.593578
1.000000E-5	12.136784	78.573386	78.557023
0.000000	12.056361	78.519069	78.520501
1.000000E-5	12.056361	78.682246	78.611869
0.000000	12.132954	78.573386	78.611869
1.000000E-5	12.132954	78.537166	78.502253
0.000000	12.056361	78.482898	78.630168
1.000000E-5	12.052531	78.519069	78.484013
0.000000	12.035298	78.500979	78.520501
1.000000E-5	12.041042	78.537166	78.666791
0.000000	12.042957	78.519069	78.520501
1.000000E-5	12.044872	78.555272	78.538758
0.000000	11.977853	78.410656	78.283928
1.000000E-5	11.985512	78.428704	78.411138
0.000000	11.954875	78.537166	78.593578
1.000000E-5	11.960619	78.519069	78.520501
0.000000	11.985512	78.446761	78.520501
1.000000E-5	11.985512	78.446761	78.447559
0.000000	11.964449	78.446761	78.429344
1.000000E-5	11.966364	78.446761	78.484013
0.000000	11.993171	78.392616	78.465782
1.000000E-5	11.987427	78.410656	78.374751
0.000000	11.964449	78.410656	78.429344
1.000000E-5	11.968279	78.392616	78.356570
0.000000	11.905089	78.428704	78.447559
1.000000E-5	11.908919	78.338546	78.356570
0.000000	11.922323	78.230626	78.102906
1.000000E-5	11.928067	78.356561	78.338397
0.000000	11.851474	78.338546	78.374751
1.000000E-5	11.862963	78.374585	78.429344
0.000000	11.807432	78.230626	78.229535
1.000000E-5	11.801688	78.230626	78.265789
0.000000	11.790199	78.122999	78.302076
1.000000E-5	11.797858	78.069295	78.048760
0.000000	11.727009	78.087189	78.066800
1.000000E-5	11.721265	78.051410	78.120971
0.000000	11.694457	77.962105	78.030727
1.000000E-5	11.679139	78.069295	78.102906
0.000000	11.606375	77.997803	78.048760
1.000000E-5	11.612119	78.015664	78.102906
0.000000	11.577652	77.890806	77.958680
1.000000E-5	11.583397	77.855204	77.976680
0.000000	11.514463	77.855204	77.886764
1.000000E-5	11.525952	77.873001	77.904731
0.000000	11.493400	77.713116	77.797052
1.000000E-5	11.499144	77.730850	77.850855
0.000000	11.478081	77.606883	77.636079
1.000000E-5	11.474251	77.730850	77.707542
0.000000	11.391914	77.642263	77.743322
1.000000E-5	11.380425	77.536219	77.582566
0.000000	11.361276	77.659964	77.618233
1.000000E-5	11.342128	77.483303	77.511328
0.000000	11.292342	77.395267	77.511328
1.000000E-5	11.290427	77.395267	77.422459
0.000000	11.248301	77.324978	77.369234
1.000000E-5	11.250216	77.289880	77.316079
0.000000	11.125752	77.254813	77.298377
1.000000E-5	11.129581	77.272342	77.298377
0.000000	11.093199	77.097393	77.209983
1.000000E-5	11.100859	77.114854	77.104169
0.000000	11.007032	77.097393	77.139409
1.000000E-5	10.995543	76.975386	77.086561
0.000000	10.878738	77.097393	77.157041
1.000000E-5	10.874908	76.819067	76.875868
0.000000	10.859590	76.836405	76.840861
1.000000E-5	10.871079	76.888466	76.893384
0.000000	10.735125	76.784413	76.858361
1.000000E-5	10.737040	76.697909	76.753478
0.000000	10.629810	76.559893	76.561907
1.000000E-5	10.635554	76.491064	76.544537
0.000000	10.488112	76.302395	76.319415
1.000000E-5	10.490027	76.422353	76.440477
0.000000	10.434497	76.234009	76.302151
1.000000E-5	10.419178	76.336632	76.353967
0.000000	10.131953	76.268187	76.250402
1.000000E-5	10.135782	76.234009	76.267644
0.000000	10.045785	76.165740	76.164304
1.000000E-5	10.047700	76.029552	76.044077
0.000000	9.894513	75.859969	75.907118
1.000000E-5	9.894513	75.893828	75.804706
0.000000	9.708774	75.775447	75.907118
1.000000E-5	9.710689	75.741688	75.719563
0.000000	9.614948	75.522949	75.600668
1.000000E-5	9.626437	75.707958	75.855879
0.000000	9.457931	75.640582	75.617631
1.000000E-5	9.465591	75.489403	75.499038
0.000000	9.383253	75.405660	75.482125
1.000000E-5	9.392827	75.422395	75.448320
0.000000	9.331552	75.288715	75.347077
1.000000E-5	9.325808	75.205392	75.246089
0.000000	9.174536	75.172111	75.229282
1.000000E-5	9.166876	75.072435	75.111834
0.000000	9.109431	74.973006	75.044876
1.000000E-5	9.117091	75.039264	75.162127
0.000000	9.097942	74.857317	74.828030
1.000000E-5	9.105602	74.791359	74.894627
0.000000	8.983052	74.758421	74.744940
1.000000E-5	8.977308	74.709064	74.711752
0.000000	8.887311	74.791359	74.877967
1.000000E-5	8.883481	74.725509	74.728343
0.000000	8.875822	74.610532	74.695168
1.000000E-5	8.870077	74.610532	74.612353
0.000000	8.835610	74.446849	74.447233
1.000000E-5	8.826036	74.332667	74.414291
0.000000	8.737954	74.348959	74.397830
1.000000E-5	8.737954	74.479532	74.480203
0.000000	8.737954	74.267566	74.315626
1.000000E-5	8.751357	74.397874	74.397830
0.000000	8.665190	74.235055	74.217203
1.000000E-5	8.669020	74.235055	74.217203
0.000000	8.544555	74.121473	74.053698
1.000000E-5	8.561789	74.072894	74.086346
0.000000	8.536896	74.040540	74.037384
1.000000E-5	8.531152	74.040540	74.135367
0.000000	8.477536	73.879160	73.907111
1.000000E-5	8.502429	74.008212	74.053698
0.000000	8.420091	73.702388	73.712490
1.000000E-5	8.412432	73.846962	73.858368
0.000000	8.420091	73.686357	73.728673
1.000000E-5	8.420091	73.734471	73.712490
0.000000	8.372220	73.686357	73.777259
1.000000E-5	8.374135	73.670331	73.712490
0.000000	8.268819	73.622294	73.663982
1.000000E-5	8.278393	73.558332	73.454452
0.000000	8.305201	73.462581	73.502708
1.000000E-5	8.309031	73.510428	73.534911
0.000000	8.251586	73.446644	73.518806
1.000000E-5	8.259245	73.478524	73.502708
0.000000	8.228608	73.335265	73.406253
1.000000E-5	8.226693	73.335265	73.310029
0.000000	8.173078	73.271758	73.326050
1.000000E-5	8.167333	73.255897	73.310029
0.000000	8.222863	73.224194	73.246007
1.000000E-5	8.230523	73.319379	73.358112
0.000000	8.123292	73.176685	73.134212
1.000000E-5	8.125207	73.113427	73.182086
0.000000	8.174992	73.192515	73.230017
1.000000E-5	8.182652	73.097628	73.118267
0.000000	8.096484	72.939978	72.959159
1.000000E-5	8.106058	72.971459	73.022727
0.000000	8.098399	72.908522	72.990930
1.000000E-5	8.107973	72.939978	72.895691
0.000000	8.050528	72.924247	72.959159
1.000000E-5	8.058188	72.955715	72.863995
0.000000	8.073506	72.971459	73.022727
1.000000E-5	8.062017	72.704652	72.705885
0.000000	8.071591	72.861383	72.879840
1.000000E-5	8.065847	72.939978	72.895691
0.000000	8.031380	72.782941	72.848156
1.000000E-5	8.025635	72.829988	72.737457
0.000000	8.063932	72.704652	72.737457
1.000000E-5	8.065847	72.751607	72.769054
0.000000	8.056273	72.829988	72.832323
1.000000E-5	8.063932	72.735949	72.737457
0.000000	8.207545	72.720298	72.690108
1.000000E-5	8.219034	72.704652	72.642814
0.000000	8.341583	72.548526	72.611315
1.000000E-5	8.341583	72.595300	72.611315
0.000000	8.439239	72.470689	72.485565
1.000000E-5	8.437325	72.564112	72.579841
0.000000	8.724550	72.284489	72.360206
1.000000E-5	8.749443	72.470689	72.469874
0.000000	8.864333	72.579703	72.595575
1.000000E-5	8.860503	72.626513	72.690108
0.000000	9.023264	72.720298	72.737457
1.000000E-5	9.023264	72.767271	72.721668
0.000000	8.983052	73.081835	73.118267
1.000000E-5	8.986882	72.971459	72.990930
0.000000	9.247299	73.160861	73.150164
1.000000E-5	9.243470	73.113427	73.150164
0.000000	9.082624	73.367057	73.470531
1.000000E-5	9.090283	73.398873	73.406253
0.000000	9.279852	73.574313	73.631675
1.000000E-5	9.287511	73.702388	73.728673
0.000000	9.168791	73.782643	73.777259
1.000000E-5	9.205173	73.750522	73.793468
0.000000	9.277937	74.105274	74.070019
1.000000E-5	9.283681	74.024373	74.053698
0.000000	9.293255	74.283831	74.348487
1.000000E-5	9.260703	74.056713	74.037384
0.000000	9.352615	74.381562	74.430759
1.000000E-5	9.356445	74.381562	74.299205
0.000000	9.388997	74.479532	74.496698
1.000000E-5	9.388997	74.479532	74.529708
0.000000	9.331552	74.676193	74.744940
1.000000E-5	9.337297	74.692625	74.744940
0.000000	9.350700	74.807838	74.877967
1.000000E-5	9.337297	74.659768	74.728343
0.000000	9.352615	74.824324	74.877967
1.000000E-5	9.343041	74.774886	74.761544
0.000000	9.358360	74.973006	74.961335
1.000000E-5	9.354530	74.939918	74.978029
0.000000	9.295170	74.956459	74.961335
1.000000E-5	9.306659	75.022689	75.044876
0.000000	9.312404	74.973006	74.994730
1.000000E-5	9.323893	75.072435	75.011438
0.000000	9.266448	75.089030	75.095084
1.000000E-5	9.274107	75.072435	75.095084
0.000000	9.283681	74.923384	74.861315
1.000000E-5	9.287511	75.039264	75.044876
0.000000	9.231981	75.089030	75.111834
1.000000E-5	9.231981	74.956459	75.011438
0.000000	9.195599	75.039264	75.061605
1.000000E-5	9.197514	75.039264	75.128592
0.000000	9.159217	75.138858	75.145356
1.000000E-5	9.147728	75.089030	75.111834
0.000000	9.067305	75.055846	75.095084
1.000000E-5	9.074964	75.072435	75.078341
0.000000	9.082624	75.072435	75.078341
1.000000E-5	9.092198	75.022689	75.044876
0.000000	9.057731	74.956459	74.927967
1.000000E-5	9.065390	75.072435	75.078341
0.000000	9.044327	75.055846	75.028153
1.000000E-5	9.048157	75.006121	75.044876
0.000000	9.059646	74.890337	74.961335
1.000000E-5	9.059646	74.923384	74.894627
0.000000	9.088368	74.923384	74.994730
1.000000E-5	9.107517	74.939918	75.028153
0.000000	9.053901	74.973006	75.028153
1.000000E-5	9.032838	74.774886	74.794773
0.000000	9.099857	74.890337	74.961335
1.000000E-5	9.109431	74.939918	75.011438
0.000000	9.080709	74.807838	74.861315
1.000000E-5	9.074964	74.807838	74.877967
0.000000	9.092198	74.939918	74.944647
1.000000E-5	9.094113	74.906857	74.911293
0.000000	9.189854	74.840817	74.828030
1.000000E-5	9.186025	74.873824	74.911293
0.000000	9.174536	74.857317	74.944647
1.000000E-5	9.178365	74.890337	74.911293
0.000000	9.197514	74.807838	74.794773
1.000000E-5	9.205173	74.774886	74.794773
0.000000	9.253044	74.906857	74.911293
1.000000E-5	9.243470	74.758421	74.811398
0.000000	9.226236	74.824324	74.861315
1.000000E-5	9.212832	74.857317	74.844669
0.000000	9.243470	74.923384	74.944647
1.000000E-5	9.247299	74.906857	75.028153
0.000000	9.247299	74.939918	74.927967
1.000000E-5	9.239640	74.873824	74.828030
0.000000	9.256874	74.973006	75.028153
1.000000E-5	9.253044	74.956459	75.011438
0.000000	9.335382	74.956459	74.844669
1.000000E-5	9.320063	74.906857	74.944647
0.000000	9.243470	74.906857	74.911293
1.000000E-5	9.245385	74.873824	75.044876
0.000000	9.258788	74.989560	75.095084
1.000000E-5	9.264533	74.973006	74.961335
0.000000	9.299000	75.022689	75.044876
1.000000E-5	9.297085	74.956459	75.078341
0.000000	9.266448	75.039264	75.095084
1.000000E-5	9.254959	74.973006	74.994730
0.000000	9.228151	74.989560	75.028153
1.000000E-5	9.241555	75.122242	75.111834
0.000000	9.235810	74.973006	74.978029
1.000000E-5	9.241555	75.039264	75.044876
0.000000	9.222407	75.039264	75.061605
1.000000E-5	9.233896	75.006121	75.044876
0.000000	9.233896	75.039264	75.028153
1.000000E-5	9.233896	74.939918	74.961335
0.000000	9.153473	75.039264	75.044876
1.000000E-5	9.159217	75.039264	75.061605
0.000000	9.136239	74.873824	74.877967
1.000000E-5	9.140069	74.939918	74.978029
0.000000	9.119006	74.989560	75.078341
1.000000E-5	9.111346	74.923384	74.944647
0.000000	9.107517	74.923384	74.927967
1.000000E-5	9.113261	74.989560	75.095084
0.000000	9.113261	74.923384	74.944647
1.000000E-5	9.117091	74.989560	75.011438
0.000000	9.096028	74.939918	74.994730
1.000000E-5	9.092198	74.873824	74.927967
0.000000	9.119006	74.791359	74.811398
1.000000E-5	9.136239	74.873824	74.911293
0.000000	9.103687	74.890337	74.961335
1.000000E-5	9.107517	74.890337	74.894627
0.000000	9.109431	74.857317	74.894627
1.000000E-5	9.119006	74.840817	74.844669
0.000000	9.096028	74.890337	74.894627
1.000000E-5	9.088368	74.873824	74.877967
0.000000	9.076879	74.824324	74.877967
1.000000E-5	9.074964	74.824324	74.778155
0.000000	9.159217	74.824324	74.778155
1.000000E-5	9.166876	74.857317	74.861315
0.000000	9.113261	74.840817	74.877967
1.000000E-5	9.117091	74.725509	74.744940
0.000000	9.124750	74.824324	74.911293
1.000000E-5	9.128580	74.807838	74.861315
0.000000	9.189854	74.659768	74.728343
1.000000E-5	9.203258	74.725509	74.744940
0.000000	9.210918	74.741962	74.711752
1.000000E-5	9.224321	74.857317	74.861315
0.000000	9.218577	74.709064	74.711752
1.000000E-5	9.230066	74.807838	74.794773
0.000000	9.207088	74.626937	74.645459
1.000000E-5	9.212832	74.791359	74.811398
0.000000	9.235810	74.709064	74.744940
1.000000E-5	9.239640	74.725509	74.744940
0.000000	9.207088	74.774886	74.794773
1.000000E-5	9.201343	74.807838	74.744940
0.000000	9.224321	74.857317	74.911293
1.000000E-5	9.218577	74.643349	74.695168
0.000000	9.178365	74.741962	74.794773
1.000000E-5	9.186025	74.774886	74.828030
0.000000	9.231981	74.610532	74.628902
1.000000E-5	9.245385	74.758421	74.794773
0.000000	9.220492	74.840817	74.794773
1.000000E-5	9.220492	74.791359	74.711752
0.000000	9.231981	74.676193	74.728343
1.000000E-5	9.233896	74.758421	74.778155
0.000000	9.279852	74.758421	74.911293
1.000000E-5	9.272192	74.725509	74.761544
0.000000	9.239640	74.692625	74.728343
1.000000E-5	9.241555	74.676193	74.711752
0.000000	9.226236	74.774886	74.811398
1.000000E-5	9.209003	74.725509	74.761544
0.000000	9.197514	74.758421	74.744940
1.000000E-5	9.205173	74.725509	74.728343
0.000000	9.201343	74.791359	74.811398
1.000000E-5	9.176451	74.610532	74.645459
0.000000	9.184110	74.741962	74.744940
1.000000E-5	9.186025	74.692625	74.695168
0.000000	9.138154	74.659768	74.761544
1.000000E-5	9.140069	74.725509	74.778155
0.000000	9.178365	74.758421	74.811398
1.000000E-5	9.159217	74.446849	74.332053
0.000000	9.138154	74.626937	74.678592
1.000000E-5	9.145813	74.610532	74.678592
0.000000	9.130495	74.741962	74.778155
1.000000E-5	9.130495	74.610532	74.662022
0.000000	9.170706	74.676193	74.678592
1.000000E-5	9.182195	74.741962	74.877967
0.000000	9.119006	74.676193	74.678592
1.000000E-5	9.141984	74.758421	74.911293
0.000000	9.153473	74.676193	74.744940
1.000000E-5	9.149643	74.709064	74.811398
0.000000	9.218577	74.774886	74.811398
1.000000E-5	9.201343	74.544979	74.678592
0.000000	9.163047	74.643349	74.645459
1.000000E-5	9.180280	74.643349	74.744940
0.000000	9.216662	74.610532	74.628902
1.000000E-5	9.212832	74.512242	74.529708
0.000000	9.124750	74.561357	74.595810
1.000000E-5	9.124750	74.512242	74.579275
0.000000	9.134324	74.610532	74.645459
1.000000E-5	9.143898	74.577742	74.595810
0.000000	9.193684	74.626937	74.678592
1.000000E-5	9.187940	74.495884	74.546224
0.000000	9.216662	74.512242	74.496698
1.000000E-5	9.212832	74.495884	74.513200
0.000000	9.197514	74.512242	74.546224
1.000000E-5	9.178365	74.397874	74.463715
0.000000	9.161132	74.659768	74.579275
1.000000E-5	9.166876	74.594134	74.595810
0.000000	9.186025	74.561357	74.546224
1.000000E-5	9.180280	74.512242	74.513200
0.000000	9.187940	74.495884	74.496698
1.000000E-5	9.176451	74.365257	74.397830
0.000000	9.245385	74.577742	74.612353
1.000000E-5	9.241555	74.561357	74.562746
0.000000	9.155387	74.577742	74.595810
1.000000E-5	9.163047	74.430517	74.529708
0.000000	9.210918	74.594134	74.645459
1.000000E-5	9.209003	74.479532	74.480203
0.000000	9.253044	74.512242	74.562746
1.000000E-5	9.258788	74.512242	74.612353
0.000000	9.235810	74.479532	74.529708
1.000000E-5	9.231981	74.446849	74.463715
0.000000	9.218577	74.512242	74.546224
1.000000E-5	9.231981	74.479532	74.595810
0.000000	9.205173	74.626937	74.628902
1.000000E-5	9.195599	74.577742	74.595810
0.000000	9.207088	74.512242	74.397830
1.000000E-5	9.220492	74.463187	74.496698
0.000000	9.224321	74.544979	74.579275
1.000000E-5	9.220492	74.512242	74.562746
0.000000	9.205173	74.544979	74.562746
1.000000E-5	9.216662	74.446849	74.480203
0.000000	9.159217	74.561357	74.579275
1.000000E-5	9.153473	74.463187	74.480203
0.000000	9.235810	74.463187	74.562746
1.000000E-5	9.233896	74.479532	74.529708
0.000000	9.209003	74.544979	74.562746
1.000000E-5	9.205173	74.446849	74.348487
0.000000	9.239640	74.446849	74.546224
1.000000E-5	9.239640	74.463187	74.496698
0.000000	9.149643	74.544979	74.546224
1.000000E-5	9.145813	74.610532	74.662022
0.000000	9.166876	74.446849	74.480203
1.000000E-5	9.170706	74.528607	74.595810
0.000000	9.122835	74.577742	74.546224
1.000000E-5	9.115176	74.479532	74.513200
0.000000	9.231981	74.577742	74.678592
1.000000E-5	9.228151	74.414192	74.447233
0.000000	9.159217	74.479532	74.381376
1.000000E-5	9.159217	74.479532	74.496698
0.000000	9.191769	74.430517	74.463715
1.000000E-5	9.182195	74.348959	74.447233
0.000000	9.195599	74.479532	74.546224
1.000000E-5	9.174536	74.430517	74.447233
0.000000	9.182195	74.446849	74.348487
1.000000E-5	9.180280	74.430517	74.447233
0.000000	9.222407	74.348959	74.299205
1.000000E-5	9.228151	74.397874	74.414291
0.000000	9.237725	74.348959	74.430759
1.000000E-5	9.243470	74.316382	74.414291
0.000000	9.174536	74.316382	74.381376
1.000000E-5	9.176451	74.446849	74.579275
0.000000	9.191769	74.397874	74.414291
1.000000E-5	9.187940	74.397874	74.364928
0.000000	9.199429	74.381562	74.414291
1.000000E-5	9.186025	74.218809	74.249983
0.000000	9.270277	74.397874	74.414291
1.000000E-5	9.266448	74.381562	74.315626
0.000000	9.197514	74.365257	74.414291
1.000000E-5	9.197514	74.446849	74.414291
0.000000	9.266448	74.446849	74.480203
1.000000E-5	9.253044	74.397874	74.397830
0.000000	9.199429	74.414192	74.430759
1.000000E-5	9.193684	74.316382	74.397830
0.000000	9.243470	74.397874	74.397830
1.000000E-5	9.239640	74.365257	74.414291
0.000000	9.249214	74.381562	74.430759
1.000000E-5	9.241555	74.430517	74.480203
0.000000	9.283681	74.446849	74.397830
1.000000E-5	9.274107	74.332667	74.364928
0.000000	9.216662	74.316382	74.348487
1.000000E-5	9.230066	74.446849	74.447233
0.000000	9.277937	74.479532	74.546224
1.000000E-5	9.268363	74.365257	74.364928
0.000000	9.295170	74.348959	74.381376
1.000000E-5	9.283681	74.397874	74.447233
0.000000	9.220492	74.446849	74.529708
1.000000E-5	9.226236	74.463187	74.463715
0.000000	9.233896	74.365257	74.381376
1.000000E-5	9.233896	74.332667	74.381376
0.000000	9.281766	74.381562	74.463715
1.000000E-5	9.293255	74.495884	74.529708
0.000000	9.235810	74.430517	74.513200
1.000000E-5	9.237725	74.561357	74.579275
0.000000	9.295170	74.577742	74.595810
1.000000E-5	9.302830	74.495884	74.529708
0.000000	9.270277	74.495884	74.562746
1.000000E-5	9.274107	74.479532	74.496698
0.000000	9.310489	74.594134	74.662022
1.000000E-5	9.304744	74.577742	74.447233
0.000000	9.339211	74.561357	74.579275
1.000000E-5	9.331552	74.741962	74.761544
0.000000	9.312404	74.561357	74.612353
1.000000E-5	9.312404	74.577742	74.628902
0.000000	9.333467	74.561357	74.579275
1.000000E-5	9.333467	74.528607	74.678592
0.000000	9.274107	74.643349	74.778155
1.000000E-5	9.272192	74.659768	74.695168
0.000000	9.320063	74.610532	74.579275
1.000000E-5	9.320063	74.626937	74.695168
0.000000	9.323893	74.594134	74.612353
1.000000E-5	9.339211	74.659768	74.678592
0.000000	9.320063	74.643349	74.678592
1.000000E-5	9.323893	74.626937	74.744940
0.000000	9.300915	74.676193	74.794773
1.000000E-5	9.299000	74.659768	74.662022
0.000000	9.247299	74.659768	74.678592
1.000000E-5	9.243470	74.741962	74.778155
0.000000	9.264533	74.594134	74.579275
1.000000E-5	9.262618	74.824324	74.828030
0.000000	9.325808	74.626937	74.678592
1.000000E-5	9.325808	74.561357	74.595810
0.000000	9.331552	74.643349	74.662022
1.000000E-5	9.335382	74.610532	74.678592
0.000000	9.304744	74.610532	74.662022
1.000000E-5	9.304744	74.577742	74.579275
0.000000	9.249214	74.709064	74.794773
1.000000E-5	9.247299	74.659768	74.645459
0.000000	9.308574	74.659768	74.695168
1.000000E-5	9.316233	74.774886	74.778155
0.000000	9.297085	74.676193	74.711752
1.000000E-5	9.281766	74.544979	74.645459
0.000000	9.323893	74.741962	74.761544
1.000000E-5	9.312404	74.643349	74.678592
0.000000	9.222407	74.659768	74.695168
1.000000E-5	9.228151	74.610532	74.628902
0.000000	9.318148	74.692625	74.695168
1.000000E-5	9.321978	74.676193	74.711752
0.000000	9.226236	74.741962	74.744940
1.000000E-5	9.230066	74.709064	74.761544
0.000000	9.293255	74.643349	74.645459
1.000000E-5	9.304744	74.725509	74.744940
0.000000	9.318148	74.692625	74.579275
1.000000E-5	9.316233	74.676193	74.662022
0.000000	9.306659	74.741962	74.744940
1.000000E-5	9.304744	74.725509	74.695168
0.000000	9.343041	74.857317	74.877967
1.000000E-5	9.323893	74.840817	74.911293
0.000000	9.254959	74.676193	74.744940
1.000000E-5	9.260703	74.741962	74.828030
0.000000	9.266448	74.725509	74.744940
1.000000E-5	9.262618	74.807838	74.844669
0.000000	9.293255	74.676193	74.662022
1.000000E-5	9.299000	74.725509	74.695168
0.000000	9.283681	74.725509	74.744940
1.000000E-5	9.283681	74.659768	74.678592
0.000000	9.300915	74.791359	74.811398
1.000000E-5	9.299000	74.791359	74.811398
0.000000	9.297085	74.741962	74.744940
1.000000E-5	9.306659	74.692625	74.678592
0.000000	9.299000	74.741962	74.744940
1.000000E-5	9.289426	74.741962	74.728343
0.000000	9.281766	74.676193	74.711752
1.000000E-5	9.274107	74.676193	74.744940
0.000000	9.283681	74.676193	74.761544
1.000000E-5	9.285596	74.676193	74.695168
0.000000	9.226236	74.676193	74.794773
1.000000E-5	9.226236	74.741962	74.711752
0.000000	9.300915	74.709064	74.744940
1.000000E-5	9.300915	74.725509	74.612353
0.000000	9.283681	74.725509	74.695168
1.000000E-5	9.270277	74.741962	74.711752
0.000000	9.235810	74.758421	74.828030
1.000000E-5	9.241555	74.758421	74.761544
0.000000	9.325808	74.824324	74.811398
1.000000E-5	9.310489	74.741962	74.744940
0.000000	9.299000	74.758421	74.828030
1.000000E-5	9.304744	74.741962	74.744940
0.000000	9.228151	74.676193	74.761544
1.000000E-5	9.235810	74.807838	74.811398
0.000000	9.254959	74.791359	74.744940
1.000000E-5	9.258788	74.758421	74.794773
0.000000	9.268363	74.774886	74.761544
1.000000E-5	9.270277	74.774886	74.778155
0.000000	9.289426	74.741962	74.761544
1.000000E-5	9.291341	74.709064	74.794773
0.000000	9.291341	74.791359	74.828030
1.000000E-5	9.279852	74.709064	74.794773
0.000000	9.274107	74.725509	74.794773
1.000000E-5	9.277937	74.791359	74.811398
0.000000	9.222407	74.791359	74.811398
1.000000E-5	9.230066	74.807838	74.861315
0.000000	9.299000	74.791359	74.844669
1.000000E-5	9.314319	74.676193	74.761544
0.000000	9.270277	74.741962	74.744940
1.000000E-5	9.277937	74.774886	74.828030
0.000000	9.212832	74.709064	74.761544
1.000000E-5	9.216662	74.774886	74.811398
0.000000	9.323893	74.741962	74.794773
1.000000E-5	9.321978	74.741962	74.744940
0.000000	9.251129	74.824324	74.794773
1.000000E-5	9.247299	74.676193	74.778155
0.000000	9.293255	74.758421	74.794773
1.000000E-5	9.300915	74.906857	74.961335
0.000000	9.264533	74.807838	74.844669
1.000000E-5	9.272192	74.709064	74.811398
0.000000	9.321978	74.676193	74.761544
1.000000E-5	9.337297	74.741962	74.811398
0.000000	9.281766	74.791359	74.811398
1.000000E-5	9.274107	74.758421	74.877967
0.000000	9.287511	74.807838	74.828030
1.000000E-5	9.285596	74.758421	74.778155
0.000000	9.253044	74.741962	74.811398
1.000000E-5	9.254959	74.873824	74.927967
0.000000	9.256874	74.791359	74.794773
1.000000E-5	9.254959	74.807838	74.811398
0.000000	9.266448	74.791359	74.794773
1.000000E-5	9.272192	74.807838	74.828030
0.000000	9.281766	74.873824	74.894627
1.000000E-5	9.293255	74.824324	74.944647
0.000000	9.283681	74.857317	74.911293
1.000000E-5	9.277937	74.807838	74.911293
0.000000	9.224321	74.774886	74.828030
1.000000E-5	9.224321	74.758421	74.778155
0.000000	9.283681	74.807838	74.828030
1.000000E-5	9.287511	74.824324	74.844669
0.000000	9.316233	74.791359	74.811398
1.000000E-5	9.314319	74.741962	74.811398
0.000000	9.272192	74.774886	74.645459
1.000000E-5	9.285596	74.725509	74.794773
0.000000	9.295170	74.824324	74.828030
1.000000E-5	9.306659	74.659768	74.744940
0.000000	9.295170	74.873824	74.944647
1.000000E-5	9.283681	74.824324	74.828030
0.000000	9.306659	74.824324	74.811398
1.000000E-5	9.308574	74.791359	74.678592
0.000000	9.295170	74.791359	74.794773
1.000000E-5	9.299000	74.824324	74.778155
0.000000	9.260703	74.824324	74.811398
1.000000E-5	9.251129	74.725509	74.761544
0.000000	9.243470	74.758421	74.778155
1.000000E-5	9.251129	74.840817	74.844669
0.000000	9.297085	74.791359	74.894627
1.000000E-5	9.291341	74.807838	74.794773
0.000000	9.243470	74.873824	74.927967
1.000000E-5	9.233896	74.791359	74.911293
0.000000	9.247299	74.906857	74.961335
1.000000E-5	9.249214	74.774886	74.778155
0.000000	9.299000	74.873824	74.894627
1.000000E-5	9.297085	74.857317	74.877967
0.000000	9.256874	74.774886	74.761544
1.000000E-5	9.262618	74.873824	74.761544
0.000000	9.247299	74.857317	74.894627
1.000000E-5	9.251129	74.741962	74.728343
0.000000	9.274107	74.725509	74.761544
1.000000E-5	9.274107	74.824324	74.744940
0.000000	9.243470	74.906857	74.811398
1.000000E-5	9.235810	74.857317	74.861315
0.000000	9.189854	74.791359	74.711752
1.000000E-5	9.186025	74.840817	74.861315
0.000000	9.212832	74.840817	74.811398
1.000000E-5	9.222407	74.873824	74.877967
0.000000	9.262618	74.758421	74.728343
1.000000E-5	9.256874	74.857317	74.828030
0.000000	9.300915	74.807838	74.828030
1.000000E-5	9.300915	74.791359	74.811398
0.000000	9.299000	74.709064	74.761544
1.000000E-5	9.293255	74.824324	74.828030
0.000000	9.274107	74.840817	74.861315
1.000000E-5	9.281766	74.807838	74.794773
0.000000	9.285596	74.791359	74.811398
1.000000E-5	9.283681	74.857317	74.861315
0.000000	9.279852	74.807838	74.811398
1.000000E-5	9.287511	74.676193	74.711752
0.000000	9.266448	74.873824	74.894627
1.000000E-5	9.249214	74.906857	74.994730
0.000000	9.266448	74.643349	74.728343
1.000000E-5	9.295170	74.939918	75.044876
0.000000	9.222407	74.725509	74.778155
1.000000E-5	9.231981	74.791359	74.778155
0.000000	9.241555	74.791359	74.911293
1.000000E-5	9.262618	74.741962	74.744940
0.000000	9.306659	74.791359	74.828030
1.000000E-5	9.295170	74.676193	74.662022
0.000000	9.287511	74.807838	74.861315
1.000000E-5	9.289426	74.741962	74.761544
0.000000	9.253044	74.824324	74.828030
1.000000E-5	9.262618	74.857317	74.877967
0.000000	9.277937	74.791359	74.744940
1.000000E-5	9.281766	74.824324	74.794773
0.000000	9.243470	74.824324	74.861315
1.000000E-5	9.253044	74.857317	74.861315
0.000000	9.209003	74.594134	74.628902
1.000000E-5	9.209003	74.791359	74.844669
0.000000	9.209003	74.824324	74.961335
1.000000E-5	9.197514	74.741962	74.728343
0.000000	9.256874	74.758421	74.794773
1.000000E-5	9.266448	74.791359	74.778155
0.000000	9.295170	74.774886	74.828030
1.000000E-5	9.304744	74.824324	74.877967
0.000000	9.264533	74.676193	74.728343
1.000000E-5	9.266448	74.791359	74.877967
0.000000	9.247299	74.791359	74.944647
1.000000E-5	9.249214	74.791359	74.811398
0.000000	9.266448	74.741962	74.811398
1.000000E-5	9.270277	74.840817	74.811398
0.000000	9.285596	74.758421	74.794773
1.000000E-5	9.281766	74.758421	74.811398
0.000000	9.256874	74.774886	74.794773
1.000000E-5	9.253044	74.709064	74.678592
0.000000	9.293255	74.840817	74.811398
1.000000E-5	9.281766	74.741962	74.778155
0.000000	9.241555	74.643349	74.695168
1.000000E-5	9.235810	74.741962	74.744940
0.000000	9.230066	74.807838	74.861315
1.000000E-5	9.226236	74.774886	74.794773
0.000000	9.260703	74.741962	74.728343
1.000000E-5	9.249214	74.791359	74.794773
0.000000	9.220492	74.791359	74.861315
1.000000E-5	9.220492	74.807838	74.794773
0.000000	9.210918	74.709064	74.711752
1.000000E-5	9.197514	74.692625	74.761544
0.000000	9.203258	74.741962	74.877967
1.000000E-5	9.209003	74.791359	74.761544
0.000000	9.285596	74.758421	74.794773
1.000000E-5	9.283681	74.758421	74.778155
0.000000	9.249214	74.774886	74.794773
1.000000E-5	9.245385	74.857317	74.811398
0.000000	9.195599	74.676193	74.794773
1.000000E-5	9.197514	74.758421	74.628902
0.000000	9.199429	74.659768	74.794773
1.000000E-5	9.209003	74.807838	74.828030
0.000000	9.249214	74.709064	74.711752
1.000000E-5	9.249214	74.807838	74.828030
0.000000	9.214747	74.791359	74.828030
1.000000E-5	9.209003	74.676193	74.728343
0.000000	9.222407	74.791359	74.861315
1.000000E-5	9.228151	74.725509	74.761544
0.000000	9.220492	74.725509	74.778155
1.000000E-5	9.220492	74.725509	74.778155
0.000000	9.266448	74.709064	74.695168
1.000000E-5	9.268363	74.741962	74.811398
0.000000	9.274107	74.676193	74.695168
1.000000E-5	9.274107	74.610532	74.529708
0.000000	9.214747	74.741962	74.761544
1.000000E-5	9.214747	74.774886	74.828030
0.000000	9.224321	74.725509	74.761544
1.000000E-5	9.226236	74.741962	74.811398
0.000000	9.277937	74.709064	74.728343
1.000000E-5	9.283681	74.676193	74.695168
0.000000	9.249214	74.692625	74.711752
1.000000E-5	9.256874	74.774886	74.761544
0.000000	9.207088	74.626937	74.645459
1.000000E-5	9.218577	74.741962	74.794773
0.000000	9.233896	74.725509	74.744940
1.000000E-5	9.239640	74.741962	74.778155
0.000000	9.270277	74.709064	74.861315
1.000000E-5	9.276022	74.741962	74.728343
0.000000	9.251129	74.725509	74.794773
1.000000E-5	9.254959	74.824324	74.811398
0.000000	9.209003	74.807838	74.894627
1.000000E-5	9.212832	74.725509	74.761544
0.000000	9.299000	74.709064	74.744940
1.000000E-5	9.299000	74.643349	74.612353
0.000000	9.082624	74.709064	74.761544
1.000000E-5	9.103687	74.626937	74.711752
0.000000	9.224321	74.725509	74.711752
1.000000E-5	9.220492	74.610532	74.595810
0.000000	9.222407	74.709064	74.579275
1.000000E-5	9.224321	74.692625	74.711752
0.000000	9.392827	74.709064	74.744940
1.000000E-5	9.396656	74.741962	74.744940
0.000000	9.318148	74.709064	74.744940
1.000000E-5	9.320063	74.741962	74.811398
0.000000	9.486654	74.774886	74.794773
1.000000E-5	9.477080	74.774886	74.811398
0.000000	9.687711	74.758421	74.778155
1.000000E-5	9.697285	74.873824	74.894627
0.000000	9.787283	74.873824	74.877967
1.000000E-5	9.787283	75.022689	75.044876
0.000000	9.555588	75.122242	75.212483
1.000000E-5	9.561332	75.105633	75.011438
0.000000	9.733667	75.155481	75.178905
1.000000E-5	9.737497	75.138858	75.195691
0.000000	9.764305	75.055846	75.195691
1.000000E-5	9.787283	75.006121	75.044876
0.000000	9.754730	75.022689	75.078341
1.000000E-5	9.758560	75.006121	75.028153
0.000000	9.676222	74.873824	74.894627
1.000000E-5	9.699200	74.857317	74.894627
0.000000	9.655159	74.807838	74.894627
1.000000E-5	9.655159	74.791359	74.811398
0.000000	9.655159	74.840817	74.911293
1.000000E-5	9.660904	74.774886	74.828030
0.000000	9.655159	74.626937	74.728343
1.000000E-5	9.647500	74.758421	74.778155
0.000000	9.593884	74.676193	74.761544
1.000000E-5	9.586225	74.544979	74.612353
0.000000	9.576651	74.577742	74.595810
1.000000E-5	9.570906	74.544979	74.595810
0.000000	9.490483	74.495884	74.513200
1.000000E-5	9.494313	74.544979	74.612353
0.000000	9.440698	74.479532	74.496698
1.000000E-5	9.454102	74.512242	74.480203
0.000000	9.377508	74.414192	74.463715
1.000000E-5	9.383253	74.479532	74.480203
0.000000	9.346871	74.348959	74.364928
1.000000E-5	9.348786	74.430517	74.414291
0.000000	9.331552	74.283831	74.299205
1.000000E-5	9.327722	74.316382	74.315626
0.000000	9.249214	74.170112	74.135367
1.000000E-5	9.260703	74.348959	74.348487
0.000000	9.260703	74.186338	74.217203
1.000000E-5	9.276022	74.105274	74.168081
0.000000	9.306659	74.105274	74.151721
1.000000E-5	9.316233	74.121473	74.135367
0.000000	9.314319	74.008212	74.004776
1.000000E-5	9.314319	74.121473	74.135367
0.000000	9.231981	74.089080	74.168081
1.000000E-5	9.235810	74.170112	74.200822
0.000000	8.690083	74.024373	74.070019
1.000000E-5	8.690083	74.121473	73.988482
0.000000	6.187395	73.558332	73.551022
1.000000E-5	6.191224	73.606294	73.647825
0.000000	4.345324	72.610904	72.658572
1.000000E-5	4.354899	72.657751	72.595575
0.000000	2.756012	71.139735	71.157861
1.000000E-5	2.754097	71.215056	71.188249
0.000000	1.578389	69.343739	69.389322
1.000000E-5	1.589878	69.300553	69.302145
0.000000	0.873730	67.142347	67.139238
1.000000E-5	0.887134	67.238044	67.277203
0.000000	0.659269	64.921990	64.939317
1.000000E-5	0.661184	64.921990	64.939317
0.000000	0.640121	62.714175	62.625073
1.000000E-5	0.643950	62.665022	62.612698
0.000000	0.588420	60.567563	60.546987
1.000000E-5	0.594165	60.520784	60.535191
0.000000	0.642035	58.510219	58.529325
1.000000E-5	0.647780	58.521389	58.473005
0.000000	0.542464	56.682731	56.739537
1.000000E-5	0.546294	56.672008	56.685407
0.000000	0.584590	55.029072	55.027881
1.000000E-5	0.611398	55.049770	55.090544
0.000000	0.657354	53.572424	53.639716
1.000000E-5	0.626717	53.492248	53.477871
0.000000	0.588420	52.168928	52.182828
1.000000E-5	0.590335	52.168928	52.202490
0.000000	0.628632	50.975793	51.046219
1.000000E-5	0.630546	50.947283	50.969457
0.000000	0.538634	49.950327	49.982218
1.000000E-5	0.544379	49.968954	49.972820
0.000000	0.421830	49.045918	49.050939
1.000000E-5	0.419915	49.036772	49.050939
0.000000	0.276302	48.211243	48.227100
1.000000E-5	0.276302	48.301316	48.299798
0.000000	0.270558	47.460730	47.514610
1.000000E-5	0.274387	47.442992	47.460891
0.000000	0.188220	46.860936	46.926699
1.000000E-5	0.188220	46.852166	46.864726
0.000000	0.149923	46.224479	46.231433
1.000000E-5	0.159497	46.259159	46.310187
0.000000	0.107797	45.681192	45.752639
1.000000E-5	0.134604	45.810053	45.856743
0.000000	0.042692	45.245321	45.269428
1.000000E-5	0.050352	45.253834	45.269428
0.000000	0.205453	44.855122	44.918323
1.000000E-5	0.209283	44.846670	44.867128
0.000000	0.169071	44.459252	44.476190
1.000000E-5	0.167157	44.375384	44.374654
0.000000	0.140349	44.032828	44.045922
1.000000E-5	0.123115	43.966230	43.961938
0.000000	0.084819	43.675775	43.710731
1.000000E-5	0.084819	43.593058	43.602218
0.000000	0.059926	43.345624	43.344281
1.000000E-5	0.052267	43.337394	43.394114
0.000000	0.132690	43.058286	43.087494
1.000000E-5	0.126945	43.033723	43.062704
0.000000	0.130775	42.788665	42.807158
1.000000E-5	0.125030	42.747922	42.774266
0.000000	0.102052	42.455405	42.470885
1.000000E-5	0.109712	42.520283	42.544536
0.000000	0.109712	42.245042	42.274930
1.000000E-5	0.119286	42.228891	42.250481
0.000000	0.149923	41.987154	42.014661
1.000000E-5	0.161412	41.946960	41.982207
0.000000	0.167157	41.762413	41.771686
1.000000E-5	0.170986	41.778438	41.795939
0.000000	0.264813	41.546492	41.529690
1.000000E-5	0.255239	41.514569	41.545793
0.000000	0.293536	41.323386	41.368896
1.000000E-5	0.293536	41.395009	41.384957
0.000000	0.253324	41.140730	41.160499
1.000000E-5	0.234176	41.013987	41.064555
0.000000	0.306939	40.958619	40.960785
1.000000E-5	0.303110	40.950714	40.968761
0.000000	0.278217	40.816473	40.809435
1.000000E-5	0.283961	40.808586	40.793525
0.000000	0.343321	40.572430	40.587068
1.000000E-5	0.343321	40.588146	40.594996
0.000000	0.331832	40.462531	40.507843
1.000000E-5	0.331832	40.470375	40.499927
0.000000	0.362470	40.298045	40.255000
1.000000E-5	0.370129	40.298045	40.333904
0.000000	0.276302	40.188627	40.136830
1.000000E-5	0.285876	40.212057	40.223466
0.000000	0.324173	40.071604	40.081760
1.000000E-5	0.324173	40.063810	40.081760
0.000000	0.295450	39.947018	39.932525
1.000000E-5	0.297365	39.923685	39.948218
0.000000	0.389277	39.822677	39.830620
1.000000E-5	0.396937	39.830441	39.830620
0.000000	0.285876	39.721828	39.728877
1.000000E-5	0.283961	39.729580	39.736698
0.000000	0.347151	39.628879	39.627296
1.000000E-5	0.358640	39.667591	39.681974
0.000000	0.314599	39.543794	39.549267
1.000000E-5	0.322258	39.559255	39.596073
0.000000	0.314599	39.420234	39.432401
1.000000E-5	0.316514	39.443383	39.502495
0.000000	0.408426	39.327720	39.346834
1.000000E-5	0.418000	39.358543	39.370159
0.000000	0.291621	39.273815	39.276909
1.000000E-5	0.303110	39.343130	39.331288
0.000000	0.316514	39.335424	39.393493
1.000000E-5	0.314599	39.320016	39.300209
0.000000	0.442893	39.150770	39.183792
1.000000E-5	0.444808	39.219954	39.238094
0.000000	0.396937	39.196885	39.245855
1.000000E-5	0.383533	39.143088	39.176039
0.000000	0.456297	39.135406	39.168286
1.000000E-5	0.454382	39.120046	39.137284
0.000000	0.523316	39.081660	39.106297
1.000000E-5	0.530975	39.150770	39.160534
0.000000	0.506082	39.043298	39.044368
1.000000E-5	0.507997	39.035628	39.036631
0.000000	0.515656	39.020291	39.028894
1.000000E-5	0.511827	38.997292	39.021159
0.000000	0.527145	38.928344	38.974767
1.000000E-5	0.513742	38.920688	38.912962
0.000000	0.460126	38.867118	38.866647
1.000000E-5	0.462041	38.928344	38.951583
0.000000	0.356725	38.805950	38.828075
1.000000E-5	0.358640	38.828881	38.851215
0.000000	0.515656	38.790666	38.804943
1.000000E-5	0.513742	38.760110	38.789527
0.000000	0.393107	38.805950	38.751001
1.000000E-5	0.387363	38.706672	38.704799
0.000000	0.486934	38.737203	38.758704
1.000000E-5	0.481189	38.744838	38.727896
0.000000	0.473530	38.721936	38.727896
1.000000E-5	0.473530	38.729569	38.758704
0.000000	0.462041	38.729569	38.720196
1.000000E-5	0.469700	38.729569	38.720196
0.000000	0.442893	38.676155	38.666323
1.000000E-5	0.448637	38.737203	38.774114
0.000000	0.479275	38.668528	38.689406
1.000000E-5	0.467786	38.714303	38.712497
0.000000	0.475445	38.729569	38.720196
1.000000E-5	0.479275	38.714303	38.720196
0.000000	0.515656	38.630406	38.620180
1.000000E-5	0.509912	38.622784	38.620180
0.000000	0.448637	38.615163	38.627869
1.000000E-5	0.458211	38.683783	38.681711
0.000000	0.406511	38.683783	38.681711
1.000000E-5	0.410341	38.638028	38.643248
0.000000	0.465871	38.599924	38.604807
1.000000E-5	0.500338	38.737203	38.735597
0.000000	0.509912	38.584688	38.612493
1.000000E-5	0.509912	38.577072	38.589437
0.000000	0.507997	38.561841	38.589437
1.000000E-5	0.492678	38.554227	38.589437
0.000000	0.448637	38.577072	38.597121
1.000000E-5	0.416085	38.539002	38.574070
0.000000	0.523316	38.569456	38.604807
1.000000E-5	0.534805	38.531391	38.551027
0.000000	0.435233	38.432524	38.451267
1.000000E-5	0.439063	38.523781	38.481946
0.000000	0.504167	38.470532	38.489619
1.000000E-5	0.515656	38.523781	38.520316
0.000000	0.404596	38.485742	38.504965
1.000000E-5	0.412255	38.478137	38.497292
0.000000	0.419915	38.440124	38.451267
1.000000E-5	0.437148	38.523781	38.558708
0.000000	0.418000	38.424925	38.458935
1.000000E-5	0.408426	38.417327	38.428266
0.000000	0.406511	38.417327	38.458935
1.000000E-5	0.412255	38.402133	38.412937
0.000000	0.500338	38.341393	38.359313
1.000000E-5	0.494593	38.326216	38.389950
0.000000	0.425659	38.348982	38.351656
1.000000E-5	0.398852	38.318629	38.321036
0.000000	0.481189	38.273125	38.282781
1.000000E-5	0.471615	38.288290	38.305731
0.000000	0.437148	38.265545	38.275133
1.000000E-5	0.444808	38.288290	38.313383
0.000000	0.485019	38.242807	38.252193
1.000000E-5	0.483104	38.250385	38.213977
0.000000	0.483104	38.242807	38.244548
1.000000E-5	0.475445	38.204928	38.191059
0.000000	0.504167	38.250385	38.244548
1.000000E-5	0.498423	38.242807	38.244548
0.000000	0.448637	38.227653	38.229261
1.000000E-5	0.433319	38.220077	38.213977
0.000000	0.509912	38.174640	38.198697
1.000000E-5	0.511827	38.121669	38.137612
0.000000	0.469700	38.106543	38.129980
1.000000E-5	0.473530	38.136800	38.160512
0.000000	0.442893	38.189782	38.198697
1.000000E-5	0.454382	38.151933	38.175784
0.000000	0.437148	38.068740	38.091834
1.000000E-5	0.444808	38.106543	38.122349
0.000000	0.477360	38.068740	38.114719
1.000000E-5	0.473530	38.076299	38.076581
0.000000	0.496508	38.061183	38.099461
1.000000E-5	0.494593	38.053625	38.030845
0.000000	0.387363	38.046069	38.076581
1.000000E-5	0.393107	38.068740	38.091834
0.000000	0.393107	38.061183	38.099461
1.000000E-5	0.393107	38.061183	38.061332
0.000000	0.398852	38.008301	38.038466
1.000000E-5	0.360555	38.053625	38.084207
0.000000	0.452467	37.963007	38.046087
1.000000E-5	0.462041	38.015853	38.015606
0.000000	0.477360	38.000750	38.046087
1.000000E-5	0.477360	37.993200	38.007988
0.000000	0.481189	37.955461	37.985140
1.000000E-5	0.483104	37.985650	37.992755
0.000000	0.354810	37.872509	37.893821
1.000000E-5	0.377788	37.947916	37.977525
0.000000	0.381618	38.015853	38.099461
1.000000E-5	0.400766	38.053625	38.084207
0.000000	0.473530	37.940371	37.969911
1.000000E-5	0.473530	37.925285	37.893821
0.000000	0.483104	37.864973	37.893821
1.000000E-5	0.496508	37.895122	37.916639
0.000000	0.452467	37.940371	37.969911
1.000000E-5	0.446722	37.917743	37.939465
0.000000	0.431404	37.880046	37.901426
1.000000E-5	0.404596	37.864973	37.871011
0.000000	0.429489	37.880046	37.916639
1.000000E-5	0.440978	37.895122	37.924247
0.000000	0.393107	37.910202	37.916639
1.000000E-5	0.410341	37.925285	37.931856
0.000000	0.460126	37.902662	37.924247
1.000000E-5	0.456297	37.910202	37.886217
0.000000	0.444808	37.880046	37.893821
1.000000E-5	0.448637	37.880046	37.947075
0.000000	0.350981	37.812245	37.871011
1.000000E-5	0.350981	37.857438	37.893821
0.000000	0.373959	37.864973	37.886217
1.000000E-5	0.385448	37.872509	37.840609
0.000000	0.433319	37.834838	37.848208
1.000000E-5	0.431404	37.849904	37.886217
0.000000	0.350981	37.864973	37.840609
1.000000E-5	0.354810	37.849904	37.886217
0.000000	0.454382	37.864973	37.893821
1.000000E-5	0.442893	37.827306	37.863409
0.000000	0.375874	37.895122	37.939465
1.000000E-5	0.416085	37.917743	37.939465
0.000000	0.360555	37.895122	37.924247
1.000000E-5	0.350981	37.864973	37.855808
0.000000	0.408426	37.804716	37.833011
1.000000E-5	0.416085	37.880046	37.878613
0.000000	0.421830	37.834838	37.871011
1.000000E-5	0.423744	37.864973	37.833011
0.000000	0.379703	37.842370	37.886217
1.000000E-5	0.375874	37.812245	37.855808
0.000000	0.339492	37.827306	37.795032
1.000000E-5	0.328003	37.789659	37.833011
0.000000	0.404596	37.819775	37.855808
1.000000E-5	0.402681	37.849904	37.909032
0.000000	0.418000	37.804716	37.833011
1.000000E-5	0.406511	37.819775	37.840609
0.000000	0.324173	37.849904	37.863409
1.000000E-5	0.318428	37.834838	37.863409
0.000000	0.320343	37.857438	37.886217
1.000000E-5	0.326088	37.864973	37.833011
0.000000	0.416085	37.827306	37.871011
1.000000E-5	0.419915	37.767081	37.779846
0.000000	0.393107	37.812245	37.840609
1.000000E-5	0.400766	37.804716	37.840609
0.000000	0.362470	37.849904	37.833011
1.000000E-5	0.339492	37.857438	37.886217
0.000000	0.372044	37.827306	37.893821
1.000000E-5	0.373959	37.834838	37.855808
0.000000	0.368214	37.864973	37.886217
1.000000E-5	0.358640	37.804716	37.825413
0.000000	0.324173	37.880046	37.909032
1.000000E-5	0.320343	37.849904	37.886217
0.000000	0.314599	37.880046	37.924247
1.000000E-5	0.331832	37.864973	37.893821
0.000000	0.439063	37.797187	37.840609
1.000000E-5	0.442893	37.789659	37.810221
0.000000	0.446722	37.842370	37.871011
1.000000E-5	0.454382	37.880046	37.901426
0.000000	0.314599	37.857438	37.871011
1.000000E-5	0.318428	37.849904	37.878613
0.000000	0.329917	37.864973	37.909032
1.000000E-5	0.329917	37.872509	37.855808
0.000000	0.331832	37.827306	37.863409
1.000000E-5	0.337577	37.834838	37.802626
0.000000	0.341407	37.827306	37.855808
1.000000E-5	0.331832	37.827306	37.825413
0.000000	0.387363	37.827306	37.848208
1.000000E-5	0.396937	37.819775	37.863409
0.000000	0.343321	37.819775	37.863409
1.000000E-5	0.347151	37.827306	37.878613
0.000000	0.299280	37.767081	37.787438
1.000000E-5	0.329917	37.842370	37.878613
0.000000	0.400766	37.804716	37.825413
1.000000E-5	0.402681	37.857438	37.886217
0.000000	0.295450	37.880046	37.916639
1.000000E-5	0.291621	37.797187	37.840609
0.000000	0.356725	37.864973	37.886217
1.000000E-5	0.360555	37.849904	37.886217
0.000000	0.329917	37.782133	37.802626
1.000000E-5	0.341407	37.819775	37.848208
0.000000	0.370129	37.812245	37.817816
1.000000E-5	0.377788	37.842370	37.871011
0.000000	0.373959	37.774607	37.817816
1.000000E-5	0.375874	37.789659	37.772254
0.000000	0.377788	37.797187	37.848208
1.000000E-5	0.377788	37.774607	37.795032
0.000000	0.289706	37.857438	37.886217
1.000000E-5	0.305025	37.804716	37.825413
0.000000	0.305025	37.789659	37.817816
1.000000E-5	0.316514	37.834838	37.878613
0.000000	0.328003	37.804716	37.840609
1.000000E-5	0.318428	37.774607	37.795032
0.000000	0.368214	37.812245	37.840609
1.000000E-5	0.372044	37.812245	37.833011
0.000000	0.331832	37.857438	37.886217
1.000000E-5	0.339492	37.842370	37.893821
0.000000	0.316514	37.827306	37.840609
1.000000E-5	0.320343	37.812245	37.855808
0.000000	0.389277	37.872509	37.893821
1.000000E-5	0.387363	37.789659	37.833011
0.000000	0.398852	37.789659	37.855808
1.000000E-5	0.402681	37.834838	37.863409
0.000000	0.381618	37.767081	37.787438
1.000000E-5	0.408426	37.812245	37.886217
0.000000	0.400766	37.752034	37.817816
1.000000E-5	0.414170	37.804716	37.833011
0.000000	0.308854	37.804716	37.863409
1.000000E-5	0.297365	37.767081	37.787438
0.000000	0.408426	37.767081	37.787438
1.000000E-5	0.404596	37.759557	37.795032
0.000000	0.366299	37.714429	37.696385
1.000000E-5	0.370129	37.729468	37.764664
